   0 	 1.967546 	 11.465763 	 19.918587
   1 	 12.641755 	 17.241329 	 36.902801
   2 	 16.111375 	 20.229092 	 36.902801
   3 	 18.620893 	 26.406985 	 66.757620
   4 	 20.558203 	 44.603589 	 66.901743
   5 	 51.891172 	 62.689324 	 92.770976
   6 	 63.175499 	 68.169906 	 100.404328
   7 	 64.390544 	 71.975383 	 103.016729
   8 	 66.989088 	 78.067174 	 118.384322
   9 	 67.684574 	 87.373328 	 126.822874
   0 	 1.943482 	 11.984802 	 19.635304
   1 	 13.608104 	 16.797658 	 19.705651
   2 	 16.930194 	 20.065315 	 46.614495
   3 	 18.441396 	 20.459989 	 46.614495
   4 	 18.346791 	 21.281760 	 46.614495
   5 	 18.534480 	 26.636893 	 53.032374
   6 	 19.710957 	 33.547554 	 53.032374
   7 	 34.028655 	 43.867536 	 61.966353
   8 	 43.177170 	 50.253810 	 61.966353
   9 	 50.778581 	 53.419091 	 62.923079
   0 	 2.685109 	 12.653990 	 20.052669
   1 	 14.262501 	 17.834746 	 58.433145
   2 	 14.424998 	 20.958046 	 59.402975
   3 	 19.142498 	 33.369695 	 62.739253
   4 	 21.564216 	 49.344384 	 65.022369
   5 	 51.281741 	 57.997927 	 65.022369
   6 	 58.295048 	 60.652963 	 66.874994
   7 	 59.632665 	 62.488314 	 68.285877
   8 	 59.632682 	 63.668551 	 68.873871
   9 	 60.956677 	 65.003224 	 69.308030
   0 	 2.371296 	 12.365714 	 19.981744
   1 	 14.142934 	 16.559324 	 19.981744
   2 	 15.408739 	 17.894344 	 20.032495
   3 	 17.805019 	 18.884452 	 20.032495
   4 	 18.557110 	 20.489699 	 50.644139
   5 	 18.288388 	 23.739721 	 53.407416
   6 	 18.915792 	 30.939630 	 55.706192
   7 	 19.760453 	 47.377677 	 55.706192
   8 	 49.209663 	 50.600380 	 55.706192
   9 	 49.549024 	 51.037143 	 56.079717
   0 	 3.339094 	 12.035794 	 21.669257
   1 	 12.662284 	 18.151569 	 50.227348
   2 	 15.677045 	 21.432859 	 50.227348
   3 	 17.334246 	 28.135320 	 50.227348
   4 	 20.869089 	 40.821063 	 51.243363
   5 	 42.570007 	 52.590978 	 105.133488
   6 	 49.488327 	 63.968090 	 186.592510
   7 	 50.258638 	 77.756037 	 258.113827
   8 	 71.688923 	 127.223892 	 275.397098
   9 	 110.566633 	 194.687310 	 279.835460
