   0 	 4.442779 	 10.322832 	 10.889406 	 	 0.091832 	 0.100318 	 10.889406
    1 	 10.378474 	 10.870609 	 10.889406 	 	 -1.000000 	 -0.708679 	 10.889406
    2 	 10.836444 	 10.887640 	 10.889406 	 	 -1.000000 	 -1.000000 	 10.889406
    3 	 10.836444 	 10.882344 	 10.889406 	 	 -1.000000 	 -0.708679 	 10.889406
    4 	 10.889406 	 10.889406 	 10.889406 	 	 -1.000000 	 -1.000000 	 10.889406
    5 	 10.889406 	 10.889406 	 10.889406 	 	 -1.000000 	 -0.745073 	 10.889406
    6 	 10.889406 	 10.889406 	 10.889406 	 	 -1.000000 	 -1.000000 	 10.889406
    7 	 10.889406 	 10.889406 	 10.889406 	 	 -1.000000 	 -0.745073 	 10.889406
    8 	 10.746106 	 10.884629 	 10.889406 	 	 -1.000000 	 -1.000000 	 10.889406
    9 	 10.889406 	 10.889406 	 10.889406 	 	 -1.000000 	 -0.745073 	 10.889406
    0 	 5.918781 	 10.468978 	 10.889406 	 	 0.091832 	 0.097813 	 10.889406
    1 	 9.991442 	 10.859474 	 10.889406 	 	 -1.000000 	 -0.890817 	 10.889406
    2 	 10.889406 	 10.889406 	 10.889406 	 	 -1.000000 	 -1.000000 	 10.889406
    3 	 10.565320 	 10.878603 	 10.889406 	 	 -1.000000 	 -0.927211 	 10.889406
    4 	 10.889406 	 10.889406 	 10.889406 	 	 -1.000000 	 -1.000000 	 10.889406
    5 	 10.865016 	 10.888593 	 10.889406 	 	 -1.000000 	 -0.927211 	 10.889406
    6 	 10.889406 	 10.889406 	 10.889406 	 	 -1.000000 	 -1.000000 	 10.889406
    7 	 10.889406 	 10.889406 	 10.889406 	 	 -1.000000 	 -0.927211 	 10.889406
    8 	 10.889406 	 10.889406 	 10.889406 	 	 -1.000000 	 -1.000000 	 10.889406
    9 	 10.889406 	 10.889406 	 10.889406 	 	 -1.000000 	 -0.927211 	 10.889406
    0 	 0.516107 	 9.909824 	 10.889406 	 	 0.092246 	 0.218192 	 10.889406
    1 	 10.467759 	 10.818660 	 10.889406 	 	 -1.000000 	 -0.708831 	 10.889406
    2 	 10.467759 	 10.828887 	 10.889406 	 	 -1.000000 	 -1.000000 	 10.889406
    3 	 10.565320 	 10.819710 	 10.889406 	 	 -1.000000 	 -0.745225 	 10.889406
    4 	 10.565320 	 10.838166 	 10.889406 	 	 -1.000000 	 -1.000000 	 10.889406
    5 	 10.565320 	 10.831326 	 10.889406 	 	 -1.000000 	 -0.745225 	 10.889406
    6 	 10.840625 	 10.886154 	 10.889406 	 	 -1.000000 	 -1.000000 	 10.889406
    7 	 10.840625 	 10.887780 	 10.889406 	 	 -1.000000 	 -0.745225 	 10.889406
    8 	 10.889406 	 10.889406 	 10.889406 	 	 -1.000000 	 -1.000000 	 10.889406
    9 	 10.889406 	 10.889406 	 10.889406 	 	 -1.000000 	 -0.745225 	 10.889406
    0 	 0.516107 	 9.483767 	 10.889406 	 	 0.096353 	 0.239883 	 10.889406
    1 	 10.378474 	 10.838313 	 10.889406 	 	 -1.000000 	 -0.599360 	 10.889406
    2 	 10.378474 	 10.838313 	 10.889406 	 	 -1.000000 	 -1.000000 	 10.889406
    3 	 10.378474 	 10.872375 	 10.889406 	 	 -1.000000 	 -0.635754 	 10.889406
    4 	 10.378474 	 10.870203 	 10.889406 	 	 -1.000000 	 -1.000000 	 10.889406
    5 	 10.378474 	 10.872375 	 10.889406 	 	 -1.000000 	 -0.635754 	 10.889406
    6 	 10.378474 	 10.872375 	 10.889406 	 	 -1.000000 	 -1.000000 	 10.889406
    7 	 10.889406 	 10.889406 	 10.889406 	 	 -1.000000 	 -0.635754 	 10.889406
    8 	 10.889406 	 10.889406 	 10.889406 	 	 -1.000000 	 -1.000000 	 10.889406
    9 	 10.889406 	 10.889406 	 10.889406 	 	 -1.000000 	 -0.635754 	 10.889406
    0 	 4.442779 	 10.137075 	 10.889406 	 	 0.128380 	 0.103043 	 10.889406
    1 	 10.767455 	 10.881276 	 10.889406 	 	 -1.000000 	 -0.781634 	 10.889406
    2 	 10.767455 	 10.885341 	 10.889406 	 	 -1.000000 	 -1.000000 	 10.889406
    3 	 10.889406 	 10.889406 	 10.889406 	 	 -1.000000 	 -0.818028 	 10.889406
    4 	 10.889406 	 10.889406 	 10.889406 	 	 -1.000000 	 -1.000000 	 10.889406
    5 	 10.889406 	 10.889406 	 10.889406 	 	 -1.000000 	 -0.818028 	 10.889406
    6 	 10.889406 	 10.889406 	 10.889406 	 	 -1.000000 	 -1.000000 	 10.889406
    7 	 10.889406 	 10.889406 	 10.889406 	 	 -1.000000 	 -0.818028 	 10.889406
    8 	 10.889406 	 10.889406 	 10.889406 	 	 -1.000000 	 -1.000000 	 10.889406
    9 	 10.889406 	 10.889406 	 10.889406 	 	 -1.000000 	 -0.818028 	 10.889406
 