   0 	 4.429792 	 10.338709 	 10.889406 	 	 0.091832 	 0.100173 	 10.889406
    1 	 10.378474 	 10.872375 	 10.889406 	 	 -1.000000 	 -0.708694 	 10.889406
    2 	 10.889406 	 10.889406 	 10.889406 	 	 -1.000000 	 -1.000000 	 10.889406
    3 	 10.889406 	 10.889406 	 10.889406 	 	 -1.000000 	 -0.708694 	 10.889406
    4 	 10.889406 	 10.889406 	 10.889406 	 	 -1.000000 	 -1.000000 	 10.889406
    5 	 10.889406 	 10.889406 	 10.889406 	 	 -1.000000 	 -0.708694 	 10.889406
    6 	 10.889406 	 10.889406 	 10.889406 	 	 -1.000000 	 -1.000000 	 10.889406
    7 	 10.889406 	 10.889406 	 10.889406 	 	 -1.000000 	 -0.708694 	 10.889406
    8 	 10.746106 	 10.884629 	 10.889406 	 	 -1.000000 	 -1.000000 	 10.889406
    9 	 10.889406 	 10.889406 	 10.889406 	 	 -1.000000 	 -0.745088 	 10.889406
    0 	 5.128485 	 10.253919 	 10.889406 	 	 0.092039 	 0.101458 	 10.889406
    1 	 9.991442 	 10.784298 	 10.889406 	 	 -1.000000 	 -0.744957 	 10.889406
    2 	 9.991442 	 10.827103 	 10.889406 	 	 -1.000000 	 -1.000000 	 10.889406
    3 	 9.991442 	 10.815487 	 10.889406 	 	 -1.000000 	 -0.781352 	 10.889406
    4 	 9.991442 	 10.796357 	 10.889406 	 	 -1.000000 	 -1.000000 	 10.889406
    5 	 9.991442 	 10.857035 	 10.889406 	 	 -1.000000 	 -0.781352 	 10.889406
    6 	 10.865016 	 10.887780 	 10.889406 	 	 -1.000000 	 -1.000000 	 10.889406
    7 	 10.865016 	 10.886967 	 10.889406 	 	 -1.000000 	 -0.781352 	 10.889406
    8 	 10.865016 	 10.888593 	 10.889406 	 	 -1.000000 	 -1.000000 	 10.889406
    9 	 10.865016 	 10.886154 	 10.889406 	 	 -1.000000 	 -0.781352 	 10.889406
    0 	 0.516107 	 9.872990 	 10.889406 	 	 0.091832 	 0.218552 	 10.889406
    1 	 10.565320 	 10.830855 	 10.889406 	 	 -1.000000 	 -0.635962 	 10.889406
    2 	 10.565320 	 10.806116 	 10.889406 	 	 -1.000000 	 -1.000000 	 10.889406
    3 	 10.565320 	 10.776841 	 10.889406 	 	 -1.000000 	 -0.672450 	 10.889406
    4 	 10.565320 	 10.772064 	 10.889406 	 	 -1.000000 	 -1.000000 	 10.889406
    5 	 10.565320 	 10.794500 	 10.889406 	 	 -1.000000 	 -0.672450 	 10.889406
    6 	 10.565320 	 10.798447 	 10.889406 	 	 -1.000000 	 -1.000000 	 10.889406
    7 	 10.565320 	 10.733630 	 10.889406 	 	 -1.000000 	 -0.672450 	 10.889406
    8 	 10.565320 	 10.783108 	 10.889406 	 	 -1.000000 	 -1.000000 	 10.889406
    9 	 10.565320 	 10.802983 	 10.889406 	 	 -1.000000 	 -0.672450 	 10.889406
    0 	 0.516107 	 9.483767 	 10.889406 	 	 0.096353 	 0.239884 	 10.889406
    1 	 10.354082 	 10.837500 	 10.889406 	 	 -1.000000 	 -0.599353 	 10.889406
    2 	 10.354082 	 10.835874 	 10.889406 	 	 -1.000000 	 -1.000000 	 10.889406
    3 	 10.378474 	 10.869936 	 10.889406 	 	 -1.000000 	 -0.635747 	 10.889406
    4 	 10.378474 	 10.869123 	 10.889406 	 	 -1.000000 	 -1.000000 	 10.889406
    5 	 10.378474 	 10.870749 	 10.889406 	 	 -1.000000 	 -0.635747 	 10.889406
    6 	 10.378474 	 10.871562 	 10.889406 	 	 -1.000000 	 -1.000000 	 10.889406
    7 	 10.865016 	 10.888593 	 10.889406 	 	 -1.000000 	 -0.635747 	 10.889406
    8 	 10.889406 	 10.889406 	 10.889406 	 	 -1.000000 	 -1.000000 	 10.889406
    9 	 10.889406 	 10.889406 	 10.889406 	 	 -1.000000 	 -0.635747 	 10.889406
    0 	 4.442779 	 10.154365 	 10.889406 	 	 0.128380 	 0.102849 	 10.889406
    1 	 10.889406 	 10.889406 	 10.889406 	 	 -1.000000 	 -0.745239 	 10.889406
    2 	 10.889406 	 10.889406 	 10.889406 	 	 -1.000000 	 -1.000000 	 10.889406
    3 	 10.889406 	 10.889406 	 10.889406 	 	 -1.000000 	 -0.781634 	 10.889406
    4 	 10.889406 	 10.889406 	 10.889406 	 	 -1.000000 	 -1.000000 	 10.889406
    5 	 10.889406 	 10.889406 	 10.889406 	 	 -1.000000 	 -0.781634 	 10.889406
    6 	 10.889406 	 10.889406 	 10.889406 	 	 -1.000000 	 -1.000000 	 10.889406
    7 	 10.889406 	 10.889406 	 10.889406 	 	 -1.000000 	 -0.781634 	 10.889406
    8 	 10.889406 	 10.889406 	 10.889406 	 	 -1.000000 	 -1.000000 	 10.889406
    9 	 10.889406 	 10.889406 	 10.889406 	 	 -1.000000 	 -0.781634 	 10.889406
 