11.000000	0.250000	0.350000	60.000000
1.814901

2.000000	0.450000	0.300000	4.000000
0.740463

6.000000	0.500000	0.300000	70.000000
1.814901

3.000000	0.050000	0.700000	61.000000
1.814901

13.000000	0.400000	0.050000	6.000000
1.162405

9.000000	0.900000	0.900000	46.000000
1.814901

3.000000	0.600000	0.250000	82.000000
1.814901

15.000000	0.200000	0.150000	14.000000
1.729746

9.000000	0.450000	0.050000	81.000000
1.814901

14.000000	0.900000	0.200000	22.000000
1.814901

7.000000	0.650000	0.200000	21.000000
1.814901

2.000000	0.400000	0.750000	50.000000
1.814901

10.000000	0.150000	0.300000	50.000000
1.814901

8.000000	0.650000	0.950000	11.000000
1.611076

11.000000	1.000000	0.900000	12.000000
0.179082

19.000000	0.450000	0.750000	88.000000
1.814901

4.000000	1.000000	0.550000	71.000000
0.179082

1.000000	0.650000	0.900000	59.000000
1.814901

7.000000	0.600000	0.500000	98.000000
1.814901

5.000000	0.300000	0.600000	45.000000
1.814901

3.000000	0.350000	0.000000	16.000000
1.776554

3.000000	0.200000	0.200000	95.000000
1.814901

9.000000	0.350000	0.800000	78.000000
1.814901

4.000000	0.400000	0.950000	35.000000
1.814901

14.000000	0.250000	0.350000	93.000000
1.814901

8.000000	0.200000	0.350000	7.000000
1.298226

10.000000	0.150000	0.800000	80.000000
1.814901

6.000000	0.600000	0.850000	19.000000
1.810836

12.000000	0.750000	0.600000	56.000000
1.814901

17.000000	0.250000	0.450000	52.000000
1.814901

19.060185	0.500000	0.750000	89.083330
1.814901

16.939815	0.250000	0.450000	50.916670
1.814901

9.946359	0.150000	0.800000	79.865897
1.814901

6.053641	0.500000	0.300000	70.134103
1.814901

11.905086	0.750000	0.600000	55.850849
1.814901

5.094914	0.000000	0.600000	45.149151
1.814901

19.000000	0.250000	0.350000	92.751368
1.814901

12.013440	0.750000	0.600000	56.248632
1.814901

4.997766	0.300000	0.600000	44.944158
1.814901

6.002234	0.500000	0.300000	70.055842
1.814901

10.035482	0.150000	0.800000	80.070963
1.814901

8.964518	0.400000	0.800000	77.929037
1.814901

12.744472	0.050000	0.050000	6.255528
1.298226

3.255528	0.350000	0.000000	15.744472
1.776554

8.402180	0.450000	0.100000	79.007267
1.814901

3.597820	0.100000	0.650000	62.992733
1.814901

1.013652	0.650000	0.900000	59.013652
1.814901

2.986348	0.050000	0.700000	60.986348
1.814901

14.000000	0.900000	0.200000	22.000000
1.814901

14.000000	0.900000	0.200000	22.000000
1.814901

11.881371	0.750000	0.600000	54.665419
1.814901

8.118629	0.650000	0.500000	72.000000
1.814901

5.997141	0.500000	0.300000	69.928530
1.814901

5.002859	0.800000	0.600000	45.071470
1.814901

13.000000	0.400000	0.050000	6.000000
1.162405

13.000000	0.400000	0.050000	6.000000
1.162405

8.899881	0.900000	0.900000	46.500593
1.814901

4.100119	1.000000	0.600000	70.499407
0.179082

13.146257	0.400000	0.050000	4.698311
0.986463

2.853743	0.200000	0.200000	96.301689
1.814901

14.076705	0.900000	0.200000	21.539767
1.814901

5.923295	0.500000	0.300000	70.460233
1.814901

14.074274	0.900000	0.200000	21.810697
1.814901

4.923493	0.300000	0.600000	45.133461
1.814901

8.892815	0.350000	0.800000	78.500916
1.814901

11.953074	0.150000	0.600000	99.000000
1.814901

4.981023	0.850000	0.600000	45.180954
1.814901

12.766308	0.000000	0.050000	6.146044
1.298226

14.099406	0.950000	0.200000	23.246559
1.814901

12.645066	-0.050000	0.250000	5.008969
0.000000

2.999769	0.050000	0.700000	60.999769
1.814901

15.000000	0.050000	0.700000	60.986579
1.814901

3.273129	0.350000	0.050000	16.025844
1.791018

5.077313	0.000000	0.600000	44.867779
1.814901

8.480566	0.450000	0.100000	79.970784
1.814901

3.177143	0.100000	0.850000	14.780955
1.760887

8.070766	0.550000	0.500000	71.954817
1.814901

6.047863	0.500000	0.300000	70.045183
1.814901

8.402180	0.450000	0.100000	79.007267
1.814901

5.002859	0.800000	0.600000	45.071470
1.814901

5.094600	0.000000	0.600000	45.148886
1.814901

5.003173	0.800000	0.600000	45.071735
1.814901

3.046874	0.200000	0.200000	95.441048
1.814901

10.806868	0.800000	0.350000	60.860641
1.814901

8.899881	0.900000	0.900000	46.500593
1.814901

11.881371	0.750000	0.600000	54.665419
1.814901

8.461261	0.450000	0.100000	48.000000
1.814901

11.954359	0.750000	0.600000	56.620965
1.814901

4.743851	0.300000	0.600000	45.591316
1.814901

14.253915	0.900000	0.550000	21.352842
1.814901

3.218276	0.250000	0.200000	93.990560
1.814901

5.876461	0.500000	0.300000	71.495671
1.814901

10.955237	0.800000	0.350000	60.865097
1.814901

14.851631	0.050000	0.700000	60.982123
1.814901

14.896316	0.050000	0.700000	60.823455
1.814901

5.027177	0.300000	0.600000	45.296585
1.814901

14.135928	0.900000	0.200000	22.235471
1.814901

12.707086	-0.000000	0.050000	5.450341
1.162405

8.241837	0.450000	0.100000	78.401464
1.814901

6.213985	0.500000	0.800000	70.739906
1.814901

5.003173	0.800000	0.600000	45.071735
1.814901

5.003173	0.800000	0.750000	45.071735
1.814901

8.301343	0.400000	0.100000	80.028474
1.814901

14.177543	0.900000	0.200000	20.518561
1.814901

13.892135	0.850000	0.200000	22.657678
1.814901

6.238211	0.500000	0.300000	69.016192
1.814901

14.179921	0.950000	0.200000	22.886470
1.814901

8.819366	0.900000	0.900000	33.000000
1.814901

5.921122	0.500000	0.300000	70.400320
1.814901

5.005031	0.800000	0.600000	45.131383
1.814901

3.467321	0.100000	0.850000	16.110607
1.791018

11.591193	0.750000	0.600000	53.335767
1.814901

4.788708	0.300000	0.600000	45.195024
1.814901

2.954913	0.050000	0.700000	61.396061
1.814901

8.382394	0.400000	0.100000	79.156584
1.814901

10.826655	0.800000	0.400000	60.711324
1.814901

10.702196	0.800000	0.350000	61.285059
1.814901

8.175439	0.200000	0.500000	71.530398
1.814901

14.061376	0.950000	0.200000	23.553817
1.814901

8.108796	0.550000	0.350000	71.647560
1.814901

5.027685	0.800000	0.750000	45.748076
1.814901

5.896611	0.500000	0.300000	69.723979
1.814901

6.189961	0.500000	0.800000	70.309334
1.814901

4.812731	0.300000	0.600000	45.625596
1.814901

11.109822	0.700000	0.600000	55.673071
1.814901

3.699647	0.250000	0.250000	91.653257
1.814901

2.953156	0.050000	0.700000	61.551318
1.814901

3.469077	0.100000	0.850000	15.955350
1.776554

14.087100	0.900000	0.200000	22.803175
1.814901

10.875483	0.800000	0.400000	60.143620
1.814901

14.276623	0.900000	0.200000	19.356327
1.814901

10.603116	0.800000	0.350000	62.447293
1.814901

6.032932	0.500000	0.300000	71.310536
1.814901

14.739845	0.050000	0.700000	61.008590
1.814901

10.951910	0.800000	0.350000	60.870619
1.814901

10.705523	0.800000	0.350000	61.279537
1.814901

12.929005	0.850000	0.250000	25.086269
1.814901

5.966303	0.850000	0.550000	42.643145
1.814901

13.932415	0.850000	0.200000	22.413712
1.814901

6.197932	0.500000	0.300000	69.260158
1.814901

14.061697	0.950000	0.200000	23.511729
1.814901

14.076385	0.900000	0.200000	21.581855
1.814901

8.301162	0.400000	0.100000	80.023521
1.814901

8.242018	0.450000	0.100000	78.406417
1.814901

6.091117	0.500000	0.300000	70.238360
1.814901

13.846721	0.950000	0.200000	24.811127
1.814901

5.027177	0.300000	0.600000	45.296585
1.814901

5.005031	0.800000	0.600000	5.000000
0.986463

11.538189	0.750000	0.600000	52.946902
1.814901

8.872370	0.900000	0.900000	33.388865
1.814901

6.548102	0.550000	0.300000	67.561638
1.814901

13.389735	0.900000	0.200000	27.487849
1.814901

6.213146	0.550000	0.300000	69.234587
1.814901

10.286581	0.800000	0.350000	62.936685
1.814901

5.857420	0.500000	0.300000	69.556111
1.814901

8.340353	0.400000	0.100000	80.191389
1.814901

14.616887	1.000000	0.200000	22.213625
0.179082

2.182990	-0.050000	0.750000	64.148819
0.000000

12.947799	0.850000	0.250000	24.966978
1.814901

5.877817	0.500000	0.300000	69.843270
1.814901

10.586399	0.800000	0.350000	62.670787
1.814901

11.126539	0.700000	0.600000	55.449577
1.814901

6.012143	0.500000	0.750000	71.833372
1.814901

3.877465	0.300000	0.250000	90.129219
1.814901

4.444894	0.250000	0.650000	46.505078
1.814901

14.429534	0.950000	0.200000	22.632247
1.814901

8.213740	0.450000	0.100000	78.684668
1.814901

13.960693	0.900000	0.200000	22.135461
1.814901

10.993116	0.550000	0.350000	60.572886
1.814901

8.259956	0.400000	0.100000	80.321254
1.814901

8.435928	0.400000	0.100000	79.682916
1.814901

3.564881	0.250000	0.250000	91.993861
1.814901

5.556341	0.850000	0.600000	6.126873
1.298226

13.510386	0.950000	0.950000	22.384857
1.814901

13.153885	0.800000	0.250000	25.303328
1.814901

3.244197	0.100000	0.900000	15.738291
1.776554

2.932207	0.050000	0.700000	61.493151
1.814901

5.917560	0.500000	0.300000	69.782146
1.814901

5.000914	0.800000	0.600000	4.778233
0.986463

6.202049	0.500000	0.300000	69.481925
1.814901

3.563054	0.250000	0.250000	91.905758
1.814901

2.934034	0.050000	0.700000	61.581254
1.814901

8.094669	0.400000	0.100000	79.634487
1.814901

11.245610	0.700000	0.600000	54.499758
1.814901

5.896611	0.500000	0.600000	69.723979
1.814901

5.896611	0.500000	0.300000	69.723979
1.814901

8.340353	0.400000	0.100000	26.000000
1.814901

8.340353	0.400000	0.100000	80.191389
1.814901

13.328981	0.800000	0.200000	24.162538
1.814901

5.837047	0.500000	0.750000	72.974162
1.814901

14.116469	0.900000	0.200000	21.579537
1.814901

2.776430	0.000000	0.750000	62.049075
1.814901

2.927458	0.050000	0.700000	61.528836
1.814901

5.032434	0.800000	0.750000	45.712391
1.814901

12.947799	0.850000	0.250000	24.966978
1.814901

12.947799	0.850000	0.250000	24.966978
1.814901

12.972590	0.800000	0.250000	26.402879
1.814901

6.038716	0.050000	0.300000	68.456559
1.814901

10.229180	0.800000	0.350000	63.007696
1.814901

6.605502	0.550000	0.300000	67.490627
1.814901

13.785444	0.850000	0.200000	23.173615
1.814901

6.092808	0.550000	0.300000	68.743992
1.814901

13.499579	0.950000	0.900000	22.473327
1.814901

13.164692	0.800000	0.250000	25.214857
1.814901

4.993184	0.850000	0.600000	4.230047
0.986463

5.925290	0.500000	0.300000	70.330332
1.814901

5.762863	0.500000	0.300000	70.129596
1.814901

13.248443	0.800000	0.250000	24.729843
1.814901

4.894265	0.850000	0.750000	42.212843
1.814901

6.145562	0.450000	0.750000	75.368606
1.814901

5.974234	0.500000	0.300000	70.184701
1.814901

11.196666	0.700000	0.600000	54.645390
1.814901

5.900108	0.500000	0.600000	69.712961
1.814901

6.602005	0.550000	0.300000	67.501645
1.814901

5.840370	0.500000	0.300000	70.859874
1.814901

13.413901	0.850000	0.200000	23.632996
1.814901

3.556765	0.000000	0.250000	29.000000
1.814901

5.843336	0.500000	0.750000	72.921804
1.814901

5.912816	0.500000	0.750000	72.499430
1.814901

13.709675	0.850000	0.200000	23.648347
1.814901

8.453467	0.450000	0.100000	78.877935
1.814901

12.859476	0.800000	0.250000	27.716333
1.814901

8.125335	0.400000	0.150000	30.034767
1.814901

6.052064	0.450000	0.700000	68.939395
1.814901

6.083635	0.550000	0.300000	68.830859
1.814901

5.934463	0.500000	0.300000	70.243465
1.814901

8.358942	0.400000	0.100000	80.002760
1.814901

14.097880	0.900000	0.200000	21.768166
1.814901

10.280669	0.800000	0.350000	62.287236
1.814901

12.896310	0.850000	0.250000	83.000000
1.814901

2.701583	0.300000	0.750000	61.535802
1.814901

10.461632	0.800000	0.350000	63.053148
1.814901

13.301926	0.800000	0.250000	24.405467
1.814901

5.985232	0.050000	0.300000	68.780935
1.814901

13.687846	0.850000	0.350000	23.772202
1.814901

6.645700	0.550000	0.150000	66.963051
1.814901

12.956114	0.850000	0.250000	24.960419
1.814901

13.240127	0.800000	0.250000	24.736402
1.814901

5.896631	0.500000	0.300000	69.722872
1.814901

5.837027	0.500000	0.750000	72.975269
1.814901

5.773666	0.050000	0.300000	68.345654
1.814901

13.107876	0.900000	0.250000	83.435282
1.814901

3.687831	0.250000	0.250000	91.355604
1.814901

10.155891	0.750000	0.350000	11.000000
1.611076

11.149819	0.700000	0.600000	55.064008
1.814901

8.405789	0.400000	0.100000	79.584142
1.814901

6.266122	0.100000	0.300000	67.015199
1.814901

12.675225	0.850000	0.250000	26.726155
1.814901

12.852109	0.850000	0.250000	25.656746
1.814901

6.706011	0.550000	0.300000	66.805318
1.814901

5.840186	0.500000	0.300000	70.863600
1.814901

5.896815	0.500000	0.300000	69.719146
1.814901

13.741150	0.850000	0.200000	23.317618
1.814901

8.421991	0.400000	0.100000	79.208665
1.814901

13.247757	0.300000	0.700000	95.000000
1.814901

13.702044	0.850000	0.200000	23.666028
1.814901

5.894831	0.500000	0.300000	69.759258
1.814901

5.842171	0.500000	0.300000	70.823488
1.814901

11.191164	0.700000	0.600000	54.660678
1.814901

6.057566	0.450000	0.700000	68.924107
1.814901

2.841942	0.300000	0.700000	61.045685
1.814901

13.099768	0.800000	0.250000	25.226518
1.814901

8.430128	0.400000	0.100000	14.000000
1.729746

13.437240	0.850000	0.200000	23.373076
1.814901

3.619015	0.250000	0.250000	91.519357
1.814901

12.803514	0.800000	0.250000	28.102734
1.814901

12.636419	0.800000	0.200000	30.306415
1.814901

8.676523	0.450000	0.100000	76.287853
1.814901

3.137662	0.250000	0.250000	94.767414
1.814901

14.135066	0.900000	0.200000	20.786691
1.814901

8.447382	0.450000	0.100000	78.915646
1.814901

13.074377	0.800000	0.250000	25.519537
1.814901

12.860340	0.850000	0.250000	25.606980
1.814901

12.666993	0.850000	0.250000	26.775920
1.814901

13.811299	0.850000	0.200000	22.907542
1.814901

6.195973	0.100000	0.300000	67.425275
1.814901

12.957226	0.800000	0.250000	26.098182
1.814901

6.408664	0.100000	0.300000	66.143536
1.814901

5.974664	0.500000	0.300000	70.180025
1.814901

6.265691	0.100000	0.300000	67.019875
1.814901

5.780188	0.050000	0.300000	68.418394
1.814901

5.890293	0.500000	0.300000	69.646405
1.814901

2.959863	0.250000	0.250000	96.032314
1.814901

13.029907	0.850000	0.250000	24.391846
1.814901

5.842171	0.500000	0.300000	70.823488
1.814901

5.974234	0.500000	0.300000	89.000000
1.814901

12.926665	0.850000	0.250000	74.000000
1.814901

6.447333	0.100000	0.300000	67.450102
1.814901

3.139053	0.250000	0.250000	94.763404
1.814901

8.404397	0.400000	0.100000	79.588153
1.814901

8.425393	0.400000	0.100000	79.167535
1.814901

12.848706	0.850000	0.250000	25.697876
1.814901

12.535158	0.750000	0.250000	29.700070
1.814901

6.534478	0.150000	0.300000	65.417863
1.814901

13.724519	0.850000	0.200000	23.389543
1.814901

11.127345	0.600000	0.600000	55.340493
1.814901

13.266426	0.300000	0.700000	95.313887
1.814901

8.411459	0.400000	0.100000	50.000000
1.814901

3.378764	0.250000	0.200000	93.753573
1.814901

6.080437	0.550000	0.300000	68.629384
1.814901

17.000000	0.500000	0.700000	99.000000
1.814901

4.000000	0.450000	0.050000	44.000000
1.814901

9.000000	1.000000	0.850000	80.000000
0.179082

19.000000	0.750000	0.300000	64.000000
1.814901

19.000000	0.050000	0.100000	40.000000
1.814901

9.000000	0.400000	0.250000	11.000000
1.611076

1.000000	0.250000	0.500000	24.000000
1.814901

6.000000	0.550000	0.300000	47.000000
1.814901

16.000000	0.500000	0.300000	38.000000
1.814901

15.000000	0.650000	0.300000	80.000000
1.814901

1.000000	0.500000	0.150000	77.000000
1.814901

10.000000	0.150000	0.750000	7.000000
1.298226

6.000000	0.450000	0.750000	89.000000
1.814901

18.000000	0.100000	1.000000	19.000000
0.141704

19.000000	0.950000	0.350000	21.000000
1.814901

9.000000	0.000000	0.350000	23.000000
1.814901

5.000000	0.750000	1.000000	45.000000
0.141704

2.000000	0.050000	0.550000	75.000000
1.814901

11.000000	0.900000	0.650000	77.000000
1.814901

