33 5 12 8 7 17 10 10 17 22 23 33 21 9 20 
 6 12 10 11 8 4 
 9 14 18 16 14 13 13 8 
 12 22 22 25 32 26 25 14 6 16 
 13 4 2 6 8 
 6 6 1 6 

33 5 12 8 7 17 10 10 17 22 23 33 21 9 20 
 6 12 10 11 8 4 
 9 14 18 16 14 13 13 8 
 12 22 22 25 32 26 25 14 6 16 
 13 4 2 6 8 
 6 6 1 6 

33 5 12 8 7 17 10 10 17 22 23 33 21 9 20 
 6 12 10 11 8 4 
 9 14 18 16 14 13 13 8 
 12 22 22 25 32 26 25 14 6 16 
 13 4 2 6 8 
 6 6 1 6 

33 5 12 8 7 17 10 10 17 22 23 33 21 9 20 
 6 12 10 11 8 4 
 9 14 18 16 14 13 13 8 
 12 22 22 25 32 26 25 14 6 16 
 13 4 2 6 8 
 6 6 1 6 

33 5 12 8 7 17 10 10 17 22 23 33 21 9 20 
 6 12 10 11 8 4 
 9 14 18 16 14 13 13 8 
 12 22 22 25 32 26 25 14 6 16 
 13 4 2 6 8 
 6 6 1 6 

33 5 12 8 7 17 10 10 17 22 23 33 21 9 20 
 6 12 10 11 8 4 
 9 14 18 16 14 13 13 8 
 12 22 22 25 32 26 25 14 6 16 
 13 4 2 6 8 
 6 6 1 6 

33 5 12 8 7 17 10 10 17 22 23 33 21 9 20 
 6 12 10 11 8 4 
 9 14 18 16 14 13 13 8 
 12 22 22 25 32 26 25 14 6 16 
 13 4 2 6 8 
 6 6 1 6 

33 5 12 8 7 17 10 10 17 22 23 33 21 9 20 
 6 12 10 11 8 4 
 9 14 18 16 14 13 13 8 
 12 22 22 25 32 26 25 14 6 16 
 13 4 2 6 8 
 6 6 1 6 

33 5 12 8 7 17 10 10 17 22 23 33 21 9 20 
 6 12 10 11 8 4 
 9 14 18 16 14 13 13 8 
 12 22 22 25 32 26 25 14 6 16 
 13 4 2 6 8 
 6 6 1 6 

33 5 12 8 7 17 10 10 17 22 23 33 21 9 20 
 6 12 10 11 8 4 
 9 14 18 16 14 13 13 8 
 12 22 22 25 32 26 25 14 6 16 
 13 4 2 6 8 
 6 6 1 6 

33 5 12 8 7 17 10 10 17 22 23 33 21 9 20 
 6 12 10 11 8 4 
 9 14 18 16 14 13 13 8 
 12 22 22 25 32 26 25 14 6 16 
 13 4 2 6 8 
 6 6 1 6 

33 5 12 8 7 17 10 10 17 22 23 33 21 9 20 
 6 12 10 11 8 4 
 9 14 18 16 14 13 13 8 
 12 22 22 25 32 26 25 14 6 16 
 13 4 2 6 8 
 6 6 1 6 

33 5 12 8 7 17 10 10 17 22 23 33 21 9 20 
 6 12 10 11 8 4 
 9 14 18 16 14 13 13 8 
 12 22 22 25 32 26 25 14 6 16 
 13 4 2 6 8 
 6 6 1 6 

33 5 12 8 7 17 10 10 17 22 23 33 21 9 20 
 6 12 10 11 8 4 
 9 14 18 16 14 13 13 8 
 12 22 22 25 32 26 25 14 6 16 
 13 4 2 6 8 
 6 6 1 6 

33 5 12 8 7 17 10 10 17 22 23 33 21 9 20 
 6 12 10 11 8 4 
 9 14 18 16 14 13 13 8 
 12 22 22 25 32 26 25 14 6 16 
 13 4 2 6 8 
 6 6 1 6 

33 5 12 8 7 17 10 10 17 22 23 33 21 9 20 
 6 12 10 11 8 4 
 9 14 18 16 14 13 13 8 
 12 22 22 25 32 26 25 14 6 16 
 13 4 2 6 8 
 6 6 1 6 

33 5 12 8 7 17 10 10 17 22 23 33 21 9 20 
 6 12 10 11 8 4 
 9 14 18 16 14 13 13 8 
 12 22 22 25 32 26 25 14 6 16 
 13 4 2 6 8 
 6 6 1 6 

33 5 12 8 7 17 10 10 17 22 23 33 21 9 20 
 6 12 10 11 8 4 
 9 14 18 16 14 13 13 8 
 12 22 22 25 32 26 25 14 6 16 
 13 4 2 6 8 
 6 6 1 6 

33 5 12 8 7 17 10 10 17 22 23 33 21 9 20 
 6 12 10 11 8 4 
 9 14 18 16 14 13 13 8 
 12 22 22 25 32 26 25 14 6 16 
 13 4 2 6 8 
 6 6 1 6 

33 5 12 8 7 17 10 10 17 22 23 33 21 9 20 
 6 12 10 11 8 4 
 9 14 18 16 14 13 13 8 
 12 22 22 25 32 26 25 14 6 16 
 13 4 2 6 8 
 6 6 1 6 

33 5 12 8 7 17 10 10 17 22 23 33 21 9 20 
 6 12 10 11 8 4 
 9 14 18 16 14 13 13 8 
 12 22 22 25 32 26 25 14 6 16 
 13 4 2 6 8 
 6 6 1 6 

33 5 12 8 7 17 10 10 17 22 23 33 21 9 20 
 6 12 10 11 8 4 
 9 14 18 16 14 13 13 8 
 12 22 22 25 32 26 25 14 6 16 
 13 4 2 6 8 
 6 6 1 6 

33 5 12 8 7 17 10 10 17 22 23 33 21 9 20 
 6 12 10 11 8 4 
 9 14 18 16 14 13 13 8 
 12 22 22 25 32 26 25 14 6 16 
 13 4 2 6 8 
 6 6 1 6 

