11	44	32 
1.814770

7	41	70 
1.814770

3	8	14 
1.814770

3	47	46 
1.814770

3	35	81 
1.814770

8	22	81 
1.814770

14	44	67 
1.814770

6	43	50 
1.814770

10	33	29 
1.814770

11	6	12 
1.814770

19	3	44 
1.814770

7	39	59 
1.814770

7	33	21 
1.814770

12	45	16 
1.814770

3	6	64 
1.814770

3	15	35 
1.814770

14	4	40 
1.814770

4	8	80 
1.814770

6	11	3 
1.814770

17	11	52 
1.814770

11	3	53 
1.814770

7	47	48 
1.814770

3	33	13 
1.814770

6	26	21 
1.814770

15	13	87 
1.814770

14	12	50 
1.814770

13	45	93 
1.814770

4	11	69 
1.814770

4	10	93 
1.814770

8	31	17 
1.814770

7	22	13 
1.814770

15	36	17 
1.814770

11	26	55 
1.814770

15	38	14 
1.814770

6	17	89 
1.814770

10	39	18 
1.814770

11	12	78 
1.814770

4	38	85 
1.814770

11	41	55 
1.814770

8	35	43 
1.814770

13	18	39 
1.814770

15	31	81 
1.814770

14	46	80 
1.814770

18	49	88 
1.814770

10	44	59 
1.814770

7	20	17 
1.814770

18	26	71 
1.814770

6	16	89 
1.814770

11	39	61 
1.814770

2	20	46 
1.814770

11	20	52 
1.814770

14	48	90 
1.814770

10	2	38 
1.814770

6	35	32 
1.814770

16	33	67 
1.814770

14	16	20 
1.814770

3	32	60 
1.814770

7	15	22 
1.814770

3	40	13 
1.814770

12	42	54 
1.814770

7	34	17 
1.814770

3	29	16 
1.814770

1	32	21 
1.814770

7	46	70 
1.814770

7	20	33 
1.814770

14	2	49 
1.814770

4	37	6 
1.814770

5	25	95 
1.814770

9	21	39 
1.814770

6	13	74 
1.814770

11	26	21 
1.814770

2	28	33 
1.814770

13	12	94 
1.814770

15	14	44 
1.814770

18	5	99 
1.814770

16	29	67 
1.814770

8	37	19 
1.814770

1	29	86 
1.814770

16	19	33 
1.814770

8	35	20 
1.814770

7	18	34 
1.814770

14	46	27 
1.814770

1	4	33 
1.814770

8	9	92 
1.814770

6	49	26 
1.814770

18	21	40 
1.814770

2	9	30 
1.814770

3	8	68 
1.814770

5	38	18 
1.814770

7	2	91 
1.814770

18	8	63 
1.814770

7	3	35 
1.814770

9	14	21 
1.814770

5	2	33 
1.814770

15	3	39 
1.814770

3	33	17 
1.814770

18	24	73 
1.814770

4	39	35 
1.814770

1	12	7 
1.814770

13	17	74 
1.814770

4	25	43 
1.814770

1	26	10 
1.814770

18	49	87 
1.814770

13	37	54 
1.814770

11	44	96 
1.814770

2	1	6 
1.803063

18	17	58 
1.814770

5	2	40 
1.814770

10	23	64 
1.814770

5	26	81 
1.814770

12	13	97 
1.814770

5	21	5 
1.814770

5	29	77 
1.814770

16	32	39 
1.814770

17	39	53 
1.814770

19	22	28 
1.814770

18	20	13 
1.814770

4	22	89 
1.814770

12	1	73 
1.814770

1	26	25 
1.814770

14	16	12 
1.814770

9	23	65 
1.814770

12	4	1 
1.812605

14	20	19 
1.814770

17	42	39 
1.814770

9	36	24 
1.814770

10	14	65 
1.814770

17	11	3 
1.814770

8	3	4 
1.814770

5	15	56 
1.814770

1	17	57 
1.814770

16	11	34 
1.814770

3	13	44 
1.814770

1	34	70 
1.814770

16	13	3 
1.814770

15	38	22 
1.814770

17	27	96 
1.814770

4	29	93 
1.814770

16	24	4 
1.814770

19	49	94 
1.814770

13	7	80 
1.814770

17	46	43 
1.814770

17	44	77 
1.814770

19	39	60 
1.814770

13	33	27 
1.814770

16	20	87 
1.814770

15	44	96 
1.814770

6	30	57 
1.814770

8	42	51 
1.814770

19	22	72 
1.814770

19	23	62 
1.814770

16	38	78 
1.814770

17	6	64 
1.814770

12	13	79 
1.814770

11	31	85 
1.814770

14	48	20 
1.814770

8	32	35 
1.814770

6	41	23 
1.814770

16	12	62 
1.814770

3	39	74 
1.814770

1	41	97 
1.814770

11	45	83 
1.814770

18	18	57 
1.814770

17	46	36 
1.814770

17	14	96 
1.814770

6	45	58 
1.814770

7	36	9 
1.814770

18	1	31 
1.814770

19	25	5 
1.814770

10	24	26 
1.814770

7	23	76 
1.814770

15	41	15 
1.814770

12	32	52 
1.814770

9	13	52 
1.814770

1	48	90 
1.814770

11	40	15 
1.814770

19	21	86 
1.814770

7	27	99 
1.814770

8	49	30 
1.814770

13	24	58 
1.814770

9	30	23 
1.814770

16	4	80 
1.814770

8	3	89 
1.814770

18	27	67 
1.814770

4	35	69 
1.814770

4	30	61 
1.814770

5	43	5 
1.814770

15	29	5 
1.814770

18	24	16 
1.814770

15	18	28 
1.814770

11	4	54 
1.814770

17	44	73 
1.814770

10	14	23 
1.814770

7	4	88 
1.814770

14	27	47 
1.814770

10	39	20 
1.814770

19	33	28 
1.814770

12	18	11 
1.814770

11	43	52 
1.814770

14	14	85 
1.814770

19	29	70 
1.814770

6	1	95 
1.814770

5	40	99 
1.814770

6	23	13 
1.814770

17	42	82 
1.814770

14	48	44 
1.814770

19	4	4 
1.814770

15	8	37 
1.814770

14	8	74 
1.814770

4	20	46 
1.814770

2	16	29 
1.814770

12	2	65 
1.814770

19	11	34 
1.814770

14	26	62 
1.814770

4	11	64 
1.814770

10	8	24 
1.814770

15	27	39 
1.814770

6	4	80 
1.814770

19	19	77 
1.814770

8	27	86 
1.814770

18	30	68 
1.814770

15	32	70 
1.814770

2	46	64 
1.814770

9	25	27 
1.814770

8	11	65 
1.814770

8	17	81 
1.814770

7	3	35 
1.814770

15	22	80 
1.814770

16	16	93 
1.814770

16	14	12 
1.814770

3	44	87 
1.814770

6	45	78 
1.814770

7	33	64 
1.814770

8	44	90 
1.814770

15	8	33 
1.814770

19	19	44 
1.814770

14	35	57 
1.814770

18	30	28 
1.814770

4	20	28 
1.814770

13	36	3 
1.814770

10	9	61 
1.814770

8	19	28 
1.814770

18	15	39 
1.814770

11	25	16 
1.814770

14	24	6 
1.814770

19	44	54 
1.814770

1	17	26 
1.814770

2	4	33 
1.814770

19	33	29 
1.814770

11	39	26 
1.814770

19	44	7 
1.814770

14	5	35 
1.814770

4	48	43 
1.814770

2	30	48 
1.814770

10	32	36 
1.814770

14	2	98 
1.814770

13	14	96 
1.814770

2	47	41 
1.814770

1	27	78 
1.814770

18	8	87 
1.814770

18	49	61 
1.814770

15	3	36 
1.814770

6	29	58 
1.814770

11	40	66 
1.814770

7	28	65 
1.814770

3	4	19 
1.814770

3	27	53 
1.814770

1	8	95 
1.814770

18	12	30 
1.814770

17	4	70 
1.814770

2	16	87 
1.814770

14	16	2 
1.814770

7	30	47 
1.814770

8	13	32 
1.814770

10	1	67 
1.814770

12	12	44 
1.814770

14	14	53 
1.814770

7	29	23 
1.814770

8	41	72 
1.814770

15	47	84 
1.814770

19	33	91 
1.814770

15	34	98 
1.814770

13	6	32 
1.814770

6	21	88 
1.814770

10	41	24 
1.814770

9	6	5 
1.814770

1	9	86 
1.814770

10	2	78 
1.814770

16	41	16 
1.814770

2	19	21 
1.814770

4	12	93 
1.814770

8	2	13 
1.814770

16	30	26 
1.814770

1	5	85 
1.814770

10	16	81 
1.814770

17	24	31 
1.814770

12	45	79 
1.814770

1	5	98 
1.814770

3	12	90 
1.814770

8	5	14 
1.814770

1	25	70 
1.814770

9	1	41 
1.814770

11	17	85 
1.814770

9	10	28 
1.814770

18	5	29 
1.814770

6	5	15 
1.814770

9	42	15 
1.814770

4	34	54 
1.814770

6	48	76 
1.814770

16	24	36 
1.814770

7	8	63 
1.814770

6	41	44 
1.814770

16	16	91 
1.814770

2	13	55 
1.814770

1	48	29 
1.814770

18	19	87 
1.814770

15	13	40 
1.814770

4	20	7 
1.814770

16	42	47 
1.814770

9	18	33 
1.814770

8	9	30 
1.814770

16	32	69 
1.814770

3	21	91 
1.814770

4	45	91 
1.814770

6	37	22 
1.814770

1	46	14 
1.814770

4	37	49 
1.814770

10	27	24 
1.814770

12	5	37 
1.814770

11	45	12 
1.814770

9	48	72 
1.814770

2	4	76 
1.814770

18	2	34 
1.814770

4	3	70 
1.814770

13	40	86 
1.814770

13	9	38 
1.814770

2	34	15 
1.814770

8	2	45 
1.814770

8	18	22 
1.814770

8	34	63 
1.814770

11	46	97 
1.814770

14	31	28 
1.814770

19	46	5 
1.814770

7	14	59 
1.814770

18	28	84 
1.814770

8	39	58 
1.814770

11	45	19 
1.814770

13	15	81 
1.814770

15	49	40 
1.814770

7	21	31 
1.814770

2	18	4 
1.814770

14	31	50 
1.814770

8	32	82 
1.814770

3	49	74 
1.814770

18	5	78 
1.814770

11	13	79 
1.814770

15	7	53 
1.814770

19	17	87 
1.814770

5	39	8 
1.814770

2	18	76 
1.814770

17	7	26 
1.814770

18	13	37 
1.814770

8	42	81 
1.814770

9	15	11 
1.814770

19	27	32 
1.814770

6	19	54 
1.814770

13	43	34 
1.814770

7	19	77 
1.814770

3	30	68 
1.814770

2	11	38 
1.814770

9	28	48 
1.814770

5	48	1 
1.814770

15	49	66 
1.814770

19	36	59 
1.814770

10	9	15 
1.814770

15	26	80 
1.814770

19	1	28 
1.814770

18	9	95 
1.814770

11	25	3 
1.814770

3	44	55 
1.814770

7	26	99 
1.814770

3	27	55 
1.814770

6	49	10 
1.814770

4	46	8 
1.814770

17	13	41 
1.814770

14	9	72 
1.814770

9	5	24 
1.814770

16	22	93 
1.814770

6	44	45 
1.814770

9	9	63 
1.814770

19	22	25 
1.814770

11	13	4 
1.814770

6	1	5 
1.803063

6	7	29 
1.814770

7	36	15 
1.814770

7	23	33 
1.814770

4	13	37 
1.814770

13	32	73 
1.814770

18	21	87 
1.814770

18	17	55 
1.814770

1	10	66 
1.814770

3	46	30 
1.814770

13	7	42 
1.814770

5	40	9 
1.814770

10	37	24 
1.814770

7	41	72 
1.814770

11	44	28 
1.814770

8	12	34 
1.814770

2	5	36 
1.814770

9	2	12 
1.814770

10	40	22 
1.814770

15	11	60 
1.814770

9	11	1 
1.814770

19	24	16 
1.814770

3	41	58 
1.814770

19	30	56 
1.814770

12	11	6 
1.814770

19	23	10 
1.814770

2	28	66 
1.814770

9	17	26 
1.814770

6	10	66 
1.814770

15	49	43 
1.814770

7	24	87 
1.814770

6	47	12 
1.814770

9	28	29 
1.814770

1	13	14 
1.814770

2	47	19 
1.814770

18	6	45 
1.814770

7	7	1 
1.814770

17	36	38 
1.814770

19	31	76 
1.814770

6	31	68 
1.814770

14	23	63 
1.814770

12	41	86 
1.814770

9	27	88 
1.814770

11	13	57 
1.814770

5	32	18 
1.814770

4	39	36 
1.814770

13	27	59 
1.814770

9	11	5 
1.814770

11	11	84 
1.814770

3	24	95 
1.814770

18	8	81 
1.814770

8	37	76 
1.814770

12	43	81 
1.814770

16	37	55 
1.814770

16	27	5 
1.814770

8	16	82 
1.814770

6	20	81 
1.814770

4	12	5 
1.814770

1	17	48 
1.814770

10	42	10 
1.814770

2	18	65 
1.814770

8	32	91 
1.814770

18	24	7 
1.814770

3	42	34 
1.814770

2	12	40 
1.814770

18	31	71 
1.814770

14	17	83 
1.814770

9	2	50 
1.814770

15	17	33 
1.814770

5	44	44 
1.814770

1	19	89 
1.814770

16	25	33 
1.814770

2	2	30 
1.814770

12	31	49 
1.814770

11	27	14 
1.814770

9	37	73 
1.814770

10	14	26 
1.814770

13	16	79 
1.814770

8	33	35 
1.814770

16	25	9 
1.814770

5	46	87 
1.814770

19	48	75 
1.814770

12	14	16 
1.814770

11	19	57 
1.814770

13	5	14 
1.814770

13	4	69 
1.814770

10	27	49 
1.814770

7	16	72 
1.814770

16	14	35 
1.814770

11	47	59 
1.814770

19	15	65 
1.814770

5	20	2 
1.814770

17	8	17 
1.814770

6	43	96 
1.814770

2	42	85 
1.814770

8	30	34 
1.814770

15	18	67 
1.814770

12	19	3 
1.814770

1	36	7 
1.814770

4	4	78 
1.814770

10	2	83 
1.814770

7	43	34 
1.814770

10	20	70 
1.814770

13	48	75 
1.814770

6	25	72 
1.814770

9	27	29 
1.814770

19	35	74 
1.814770

15	23	76 
1.814770

17	43	18 
1.814770

8	21	31 
1.814770

7	30	3 
1.814770

3	44	27 
1.814770

9	16	70 
1.814770

5	18	68 
1.814770

4	5	58 
1.814770

5	43	20 
1.814770

16	46	18 
1.814770

15	48	85 
1.814770

9	42	23 
1.814770

18	5	60 
1.814770

17	38	87 
1.814770

6	44	74 
1.814770

19	38	32 
1.814770

18	33	86 
1.814770

17	9	55 
1.814770

9	14	7 
1.814770

1	31	5 
1.814770

10	20	71 
1.814770

4	20	27 
1.814770

19	6	19 
1.814770

15	19	2 
1.814770

18	18	54 
1.814770

7	26	67 
1.814770

6	27	55 
1.814770

13	3	52 
1.814770

2	43	37 
1.814770

15	39	19 
1.814770

17	34	17 
1.814770

1	23	3 
1.814770

8	29	62 
1.814770

14	11	61 
1.814770

6	30	52 
1.814770

4	4	59 
1.814770

3	19	3 
1.814770

6	42	61 
1.814770

4	44	5 
1.814770

5	37	21 
1.814770

9	19	8 
1.814770

7	5	40 
1.814770

10	6	89 
1.814770

3	12	6 
1.814770

1	19	3 
1.814770

14	47	50 
1.814770

9	15	26 
1.814770

7	2	21 
1.814770

9	22	56 
1.814770

15	8	81 
1.814770

14	4	4 
1.814770

12	24	54 
1.814770

3	21	4 
1.814770

10	25	54 
1.814770

6	22	2 
1.814770

2	39	88 
1.814770

2	20	8 
1.814770

18	6	4 
1.814770

7	3	85 
1.814770

1	49	34 
1.814770

13	39	98 
1.814770

8	22	87 
1.814770

14	27	48 
1.814770

16	39	95 
1.814770

13	1	4 
1.807825

4	40	68 
1.814770

7	15	71 
1.814770

19	12	85 
1.814770

18	46	53 
1.814770

10	23	82 
1.814770

3	13	73 
1.814770

15	6	12 
1.814770

6	48	91 
1.814770

17	27	2 
1.814770

19	40	25 
1.814770

15	30	12 
1.814770

14	28	8 
1.814770

19	17	34 
1.814770

15	22	53 
1.814770

16	2	37 
1.814770

5	17	14 
1.814770

4	27	76 
1.814770

13	9	73 
1.814770

3	7	87 
1.814770

10	5	4 
1.814770

16	46	37 
1.814770

5	11	16 
1.814770

19	11	9 
1.814770

16	5	88 
1.814770

19	37	66 
1.814770

15	13	91 
1.814770

9	27	43 
1.814770

9	46	45 
1.814770

13	44	21 
1.814770

14	42	16 
1.814770

19	18	97 
1.814770

14	36	33 
1.814770

14	44	62 
1.814770

11	2	34 
1.814770

6	47	11 
1.814770

16	12	97 
1.814770

13	18	52 
1.814770

5	27	81 
1.814770

5	46	83 
1.814770

3	32	58 
1.814770

16	31	97 
1.814770

3	1	57 
1.814770

12	29	31 
1.814770

3	32	3 
1.814770

14	18	4 
1.814770

5	18	73 
1.814770

18	38	33 
1.814770

14	33	35 
1.814770

18	37	30 
1.814770

3	14	17 
1.814770

3	17	56 
1.814770

7	47	16 
1.814770

19	38	76 
1.814770

2	17	74 
1.814770

13	20	75 
1.814770

18	7	61 
1.814770

8	48	81 
1.814770

8	9	84 
1.814770

18	9	93 
1.814770

2	41	65 
1.814770

12	49	44 
1.814770

17	20	11 
1.814770

4	40	30 
1.814770

13	28	36 
1.814770

12	43	22 
1.814770

14	40	89 
1.814770

4	40	40 
1.814770

10	11	1 
1.814770

18	20	6 
1.814770

9	10	92 
1.814770

18	40	30 
1.814770

4	22	38 
1.814770

19	40	7 
1.814770

13	4	76 
1.814770

19	29	27 
1.814770

5	31	97 
1.814770

3	15	55 
1.814770

11	45	64 
1.814770

7	45	80 
1.814770

14	16	48 
1.814770

17	35	36 
1.814770

6	14	8 
1.814770

14	32	12 
1.814770

17	13	25 
1.814770

7	42	98 
1.814770

4	33	27 
1.814770

8	1	36 
1.814770

18	10	79 
1.814770

2	23	76 
1.814770

10	15	80 
1.814770

14	1	50 
1.814770

7	46	10 
1.814770

13	13	87 
1.814770

8	36	44 
1.814770

8	42	9 
1.814770

9	23	47 
1.814770

12	4	48 
1.814770

19	42	94 
1.814770

2	33	50 
1.814770

7	13	91 
1.814770

16	3	44 
1.814770

12	22	17 
1.814770

4	48	64 
1.814770

14	9	40 
1.814770

16	32	34 
1.814770

5	10	65 
1.814770

15	26	19 
1.814770

10	15	7 
1.814770

6	5	42 
1.814770

13	5	77 
1.814770

6	10	23 
1.814770

6	14	6 
1.814770

4	16	27 
1.814770

4	35	61 
1.814770

18	13	41 
1.814770

15	39	46 
1.814770

4	5	3 
1.814770

16	2	91 
1.814770

19	46	46 
1.814770

16	45	7 
1.814770

11	26	48 
1.814770

10	23	1 
1.814770

1	11	77 
1.814770

8	42	99 
1.814770

11	27	96 
1.814770

17	39	25 
1.814770

15	41	63 
1.814770

13	27	76 
1.814770

16	43	95 
1.814770

11	27	36 
1.814770

5	30	82 
1.814770

6	39	12 
1.814770

7	46	69 
1.814770

8	13	41 
1.814770

4	19	21 
1.814770

3	9	74 
1.814770

4	43	5 
1.814770

12	19	29 
1.814770

8	44	65 
1.814770

2	23	66 
1.814770

13	41	10 
1.814770

11	41	37 
1.814770

6	26	70 
1.814770

19	36	52 
1.814770

19	40	69 
1.814770

17	29	51 
1.814770

4	11	76 
1.814770

14	13	2 
1.814770

19	21	64 
1.814770

18	27	54 
1.814770

5	41	84 
1.814770

9	34	63 
1.814770

14	36	88 
1.814770

5	37	60 
1.814770

17	46	5 
1.814770

17	25	3 
1.814770

9	10	86 
1.814770

3	47	94 
1.814770

8	33	98 
1.814770

16	7	25 
1.814770

18	5	42 
1.814770

6	39	83 
1.814770

11	13	78 
1.814770

18	25	19 
1.814770

12	19	49 
1.814770

3	17	60 
1.814770

19	42	93 
1.814770

6	48	34 
1.814770

19	12	68 
1.814770

18	41	92 
1.814770

5	47	27 
1.814770

15	19	69 
1.814770

7	34	27 
1.814770

15	48	42 
1.814770

5	44	46 
1.814770

5	25	90 
1.814770

6	1	87 
1.814770

6	42	18 
1.814770

19	20	20 
1.814770

5	12	26 
1.814770

10	16	13 
1.814770

4	24	29 
1.814770

3	43	74 
1.814770

16	20	67 
1.814770

17	10	26 
1.814770

15	20	46 
1.814770

6	23	15 
1.814770

16	9	20 
1.814770

14	2	73 
1.814770

5	25	92 
1.814770

11	30	87 
1.814770

3	49	36 
1.814770

12	36	49 
1.814770

9	14	71 
1.814770

3	33	99 
1.814770

8	17	65 
1.814770

18	32	38 
1.814770

7	24	9 
1.814770

19	15	97 
1.814770

4	23	96 
1.814770

6	24	4 
1.814770

8	16	56 
1.814770

6	48	71 
1.814770

3	6	89 
1.814770

12	46	44 
1.814770

15	32	81 
1.814770

19	26	11 
1.814770

1	13	22 
1.814770

19	27	15 
1.814770

12	30	75 
1.814770

3	8	47 
1.814770

6	20	74 
1.814770

16	4	87 
1.814770

5	41	58 
1.814770

3	15	26 
1.814770

7	18	64 
1.814770

5	8	57 
1.814770

8	8	43 
1.814770

1	40	90 
1.814770

4	13	37 
1.814770

18	9	39 
1.814770

12	33	86 
1.814770

4	7	18 
1.814770

13	21	31 
1.814770

11	25	84 
1.814770

6	27	41 
1.814770

4	28	32 
1.814770

9	31	26 
1.814770

13	19	36 
1.814770

18	8	19 
1.814770

8	28	26 
1.814770

4	31	48 
1.814770

4	43	16 
1.814770

18	24	91 
1.814770

7	26	59 
1.814770

8	27	88 
1.814770

1	41	51 
1.814770

5	14	40 
1.814770

12	15	4 
1.814770

13	39	14 
1.814770

6	29	70 
1.814770

11	2	16 
1.814770

6	11	69 
1.814770

18	48	27 
1.814770

11	2	85 
1.814770

18	6	56 
1.814770

3	49	63 
1.814770

16	20	39 
1.814770

2	36	90 
1.814770

17	6	82 
1.814770

18	11	20 
1.814770

2	33	47 
1.814770

18	45	77 
1.814770

15	39	5 
1.814770

9	7	32 
1.814770

15	37	38 
1.814770

5	14	63 
1.814770

4	39	4 
1.814770

12	10	4 
1.814770

12	39	97 
1.814770

5	27	2 
1.814770

1	49	7 
1.814770

11	30	77 
1.814770

2	17	17 
1.814770

15	44	41 
1.814770

5	15	20 
1.814770

18	31	45 
1.814770

4	40	36 
1.814770

15	36	91 
1.814770

5	4	15 
1.814770

3	18	96 
1.814770

11	27	13 
1.814770

11	17	83 
1.814770

12	13	98 
1.814770

7	7	23 
1.814770

1	47	65 
1.814770

8	1	86 
1.814770

16	3	99 
1.814770

14	10	88 
1.814770

10	43	21 
1.814770

2	37	27 
1.814770

3	37	99 
1.814770

3	13	1 
1.814770

5	17	28 
1.814770

8	22	89 
1.814770

6	41	96 
1.814770

15	27	1 
1.814770

9	15	24 
1.814770

4	11	83 
1.814770

6	29	80 
1.814770

4	20	44 
1.814770

16	3	97 
1.814770

11	29	66 
1.814770

18	7	26 
1.814770

11	27	26 
1.814770

13	7	29 
1.814770

3	38	93 
1.814770

18	43	88 
1.814770

12	41	57 
1.814770

9	8	5 
1.814770

3	25	41 
1.814770

7	26	94 
1.814770

9	49	20 
1.814770

5	10	71 
1.814770

8	2	6 
1.810008

8	13	6 
1.814770

7	34	54 
1.814770

10	26	74 
1.814770

18	25	26 
1.814770

11	25	31 
1.814770

11	8	34 
1.814770

19	44	49 
1.814770

2	43	78 
1.814770

1	48	93 
1.814770

10	32	26 
1.814770

5	48	14 
1.814770

12	24	93 
1.814770

8	12	29 
1.814770

8	48	23 
1.814770

1	19	20 
1.814770

14	3	76 
1.814770

18	5	53 
1.814770

7	28	50 
1.814770

19	25	33 
1.814770

3	8	27 
1.814770

3	5	98 
1.814770

13	15	33 
1.814770

13	42	88 
1.814770

11	41	98 
1.814770

13	8	72 
1.814770

2	39	55 
1.814770

13	36	27 
1.814770

16	27	68 
1.814770

13	17	63 
1.814770

2	5	11 
1.814770

17	34	8 
1.814770

17	48	18 
1.814770

18	29	38 
1.814770

3	19	68 
1.814770

11	46	24 
1.814770

12	18	39 
1.814770

16	22	79 
1.814770

19	31	83 
1.814770

8	33	76 
1.814770

14	49	95 
1.814770

10	24	90 
1.814770

15	19	67 
1.814770

8	34	51 
1.814770

6	5	10 
1.814770

15	8	54 
1.814770

12	31	98 
1.814770

2	20	70 
1.814770

5	34	86 
1.814770

8	43	39 
1.814770

14	14	50 
1.814770

19	34	22 
1.814770

12	19	40 
1.814770

1	22	61 
1.814770

10	41	63 
1.814770

8	40	39 
1.814770

9	29	67 
1.814770

3	39	63 
1.814770

8	6	79 
1.814770

9	10	61 
1.814770

12	26	40 
1.814770

9	34	14 
1.814770

5	1	67 
1.814770

9	41	27 
1.814770

12	26	4 
1.814770

8	3	42 
1.814770

3	25	86 
1.814770

2	19	23 
1.814770

8	6	66 
1.814770

2	38	23 
1.814770

12	19	58 
1.814770

11	13	7 
1.814770

15	26	21 
1.814770

7	38	20 
1.814770

3	25	14 
1.814770

3	33	7 
1.814770

9	49	43 
1.814770

16	4	52 
1.814770

3	31	58 
1.814770

8	3	76 
1.814770

4	31	65 
1.814770

9	4	77 
1.814770

6	8	60 
1.814770

8	28	13 
1.814770

16	10	75 
1.814770

15	42	37 
1.814770

15	13	28 
1.814770

19	44	93 
1.814770

16	45	83 
1.814770

7	39	63 
1.814770

4	29	52 
1.814770

2	49	87 
1.814770

11	27	25 
1.814770

7	23	81 
1.814770

16	13	61 
1.814770

4	17	42 
1.814770

16	20	64 
1.814770

9	7	22 
1.814770

9	7	52 
1.814770

4	28	15 
1.814770

15	35	9 
1.814770

5	40	30 
1.814770

4	8	92 
1.814770

16	34	34 
1.814770

5	36	49 
1.814770

4	33	99 
1.814770

15	17	73 
1.814770

18	13	47 
1.814770

13	19	83 
1.814770

19	45	7 
1.814770

19	32	94 
1.814770

5	20	83 
1.814770

3	13	60 
1.814770

1	5	84 
1.814770

4	17	55 
1.814770

5	21	59 
1.814770

7	20	6 
1.814770

3	46	69 
1.814770

3	36	80 
1.814770

18	8	4 
1.814770

2	47	85 
1.814770

14	1	60 
1.814770

16	17	92 
1.814770

12	43	4 
1.814770

18	20	71 
1.814770

3	48	48 
1.814770

8	25	1 
1.814770

13	1	8 
1.810008

2	1	44 
1.814770

8	34	72 
1.814770

4	33	27 
1.814770

18	48	99 
1.814770

16	14	71 
1.814770

15	35	15 
1.814770

9	31	61 
1.814770

16	37	90 
1.814770

9	21	29 
1.814770

2	9	73 
1.814770

8	22	20 
1.814770

10	15	2 
1.814770

11	48	21 
1.814770

12	23	46 
1.814770

9	10	77 
1.814770

2	45	51 
1.814770

4	14	78 
1.814770

13	7	38 
1.814770

14	4	27 
1.814770

4	33	38 
1.814770

14	10	40 
1.814770

14	25	49 
1.814770

17	33	92 
1.814770

18	22	88 
1.814770

2	23	39 
1.814770

14	17	66 
1.814770

12	15	71 
1.814770

5	28	70 
1.814770

15	15	58 
1.814770

8	34	36 
1.814770

5	20	30 
1.814770

13	34	52 
1.814770

1	35	19 
1.814770

7	43	60 
1.814770

10	7	89 
1.814770

14	27	22 
1.814770

10	19	7 
1.814770

17	33	24 
1.814770

13	43	13 
1.814770

12	22	38 
1.814770

4	36	89 
1.814770

11	13	66 
1.814770

14	22	93 
1.814770

18	32	71 
1.814770

18	44	73 
1.814770

1	44	60 
1.814770

7	15	72 
1.814770

16	17	4 
1.814770

7	5	10 
1.814770

2	25	52 
1.814770

8	49	54 
1.814770

2	23	66 
1.814770

13	17	10 
1.814770

11	12	59 
1.814770

4	2	38 
1.814770

16	43	16 
1.814770

17	32	63 
1.814770

18	20	1 
1.814770

9	2	30 
1.814770

7	29	35 
1.814770

14	3	71 
1.814770

1	2	41 
1.814770

4	45	95 
1.814770

14	11	17 
1.814770

7	29	98 
1.814770

11	44	37 
1.814770

17	42	91 
1.814770

13	46	1 
1.814770

13	28	17 
1.814770

4	22	48 
1.814770

13	26	66 
1.814770

17	47	34 
1.814770

10	32	9 
1.814770

8	1	31 
1.814770

13	34	65 
1.814770

13	10	35 
1.814770

5	4	38 
1.814770

15	6	30 
1.814770

14	19	90 
1.814770

17	6	72 
1.814770

7	17	35 
1.814770

14	12	73 
1.814770

17	17	80 
1.814770

9	35	73 
1.814770

8	12	73 
1.814770

11	49	48 
1.814770

18	25	28 
1.814770

11	19	80 
1.814770

15	14	96 
1.814770

16	10	17 
1.814770

3	17	18 
1.814770

2	46	44 
1.814770

1	38	11 
1.814770

19	10	63 
1.814770

9	13	63 
1.814770

1	22	75 
1.814770

13	22	76 
1.814770

10	8	66 
1.814770

12	4	24 
1.814770

6	25	31 
1.814770

16	47	35 
1.814770

3	46	93 
1.814770

10	1	29 
1.814770

8	33	25 
1.814770

16	30	16 
1.814770

12	2	1 
1.812605

12	46	54 
1.814770

14	43	37 
1.814770

19	28	6 
1.814770

8	22	26 
1.814770

19	26	70 
1.814770

5	6	15 
1.814770

2	14	22 
1.814770

11	5	5 
1.814770

11	24	13 
1.814770

14	24	78 
1.814770

17	47	88 
1.814770

18	15	20 
1.814770

10	19	88 
1.814770

6	48	51 
1.814770

11	33	36 
1.814770

1	5	45 
1.814770

15	33	56 
1.814770

8	29	53 
1.814770

18	43	22 
1.814770

11	24	74 
1.814770

2	26	88 
1.814770

5	46	94 
1.814770

15	41	96 
1.814770

13	40	27 
1.814770

6	49	28 
1.814770

12	12	97 
1.814770

4	44	9 
1.814770

9	6	37 
1.814770

4	8	63 
1.814770

14	42	40 
1.814770

6	23	84 
1.814770

14	8	14 
1.814770

3	11	59 
1.814770

1	1	75 
1.814770

17	24	26 
1.814770

13	27	49 
1.814770

13	41	98 
1.814770

10	1	6 
1.803063

12	32	67 
1.814770

2	32	47 
1.814770

13	15	97 
1.814770

8	1	4 
1.807825

6	43	65 
1.814770

7	48	92 
1.814770

3	21	2 
1.814770

10	38	58 
1.814770

18	49	61 
1.814770

17	5	74 
1.814770

14	32	50 
1.814770

13	9	83 
1.814770

2	4	44 
1.814770

14	15	51 
1.814770

17	30	64 
1.814770

17	14	73 
1.814770

16	46	5 
1.814770

14	36	3 
1.814770

16	19	50 
1.814770

16	39	89 
1.814770

3	48	50 
1.814770

3	48	8 
1.814770

1	49	69 
1.814770

17	8	64 
1.814770

17	8	74 
1.814770

2	15	67 
1.814770

3	45	16 
1.814770

6	39	97 
1.814770

19	28	20 
1.814770

6	3	15 
1.814770

4	3	66 
1.814770

9	20	34 
1.814770

9	41	80 
1.814770

3	13	80 
1.814770

11	31	11 
1.814770

18	25	47 
1.814770

18	48	1 
1.814770

13	6	4 
1.814770

10	49	1 
1.814770

15	8	42 
1.814770

4	44	42 
1.814770

12	49	98 
1.814770

18	21	54 
1.814770

6	19	33 
1.814770

2	17	92 
1.814770

15	31	29 
1.814770

2	2	98 
1.814770

5	4	59 
1.814770

7	49	31 
1.814770

16	31	65 
1.814770

15	40	37 
1.814770

8	37	71 
1.814770

4	14	49 
1.814770

7	17	32 
1.814770

15	39	29 
1.814770

3	25	42 
1.814770

7	24	48 
1.814770

1	23	79 
1.814770

2	25	35 
1.814770

10	24	38 
1.814770

15	8	54 
1.814770

10	20	82 
1.814770

1	41	83 
1.814770

11	22	72 
1.814770

19	49	76 
1.814770

6	23	39 
1.814770

1	14	42 
1.814770

10	24	85 
1.814770

3	2	37 
1.814770

2	35	88 
1.814770

4	7	36 
1.814770

11	46	75 
1.814770

16	33	83 
1.814770

6	9	55 
1.814770

8	19	85 
1.814770

2	39	85 
1.814770

3	38	20 
1.814770

18	2	39 
1.814770

8	37	38 
1.814770

4	22	98 
1.814770

3	10	8 
1.814770

16	19	49 
1.814770

11	40	97 
1.814770

2	45	97 
1.814770

5	24	59 
1.814770

15	32	44 
1.814770

4	33	62 
1.814770

1	8	25 
1.814770

14	37	96 
1.814770

17	21	92 
1.814770

14	41	59 
1.814770

13	17	17 
1.814770

9	35	28 
1.814770

18	45	71 
1.814770

12	3	3 
1.814770

13	33	4 
1.814770

7	43	97 
1.814770

16	14	45 
1.814770

12	32	91 
1.814770

7	5	30 
1.814770

5	4	26 
1.814770

7	35	71 
1.814770

2	1	46 
1.814770

18	31	83 
1.814770

14	46	24 
1.814770

15	4	79 
1.814770

15	35	38 
1.814770

14	43	12 
1.814770

4	25	95 
1.814770

9	21	28 
1.814770

11	40	82 
1.814770

13	35	18 
1.814770

1	8	3 
1.814770

6	33	64 
1.814770

2	42	17 
1.814770

6	47	51 
1.814770

2	9	61 
1.814770

9	27	48 
1.814770

16	31	80 
1.814770

6	22	24 
1.814770

14	41	30 
1.814770

15	29	57 
1.814770

3	8	16 
1.814770

5	24	4 
1.814770

6	4	70 
1.814770

16	13	21 
1.814770

2	45	83 
1.814770

9	10	23 
1.814770

3	49	56 
1.814770

16	24	44 
1.814770

8	6	33 
1.814770

6	1	23 
1.814770

9	31	13 
1.814770

8	2	30 
1.814770

12	37	30 
1.814770

2	42	28 
1.814770

4	24	14 
1.814770

14	3	97 
1.814770

18	3	67 
1.814770

19	22	54 
1.814770

18	8	88 
1.814770

10	21	34 
1.814770

10	45	34 
1.814770

5	45	93 
1.814770

1	34	2 
1.814770

18	22	28 
1.814770

3	45	40 
1.814770

13	28	32 
1.814770

1	28	6 
1.814770

1	15	67 
1.814770

18	44	69 
1.814770

4	38	14 
1.814770

14	4	28 
1.814770

6	33	72 
1.814770

16	43	91 
1.814770

3	49	41 
1.814770

5	30	32 
1.814770

12	29	12 
1.814770

4	33	45 
1.814770

10	43	11 
1.814770

16	19	66 
1.814770

10	17	31 
1.814770

4	5	57 
1.814770

17	29	44 
1.814770

16	24	91 
1.814770

17	49	77 
1.814770

5	49	61 
1.814770

9	22	8 
1.814770

11	48	50 
1.814770

14	35	8 
1.814770

16	38	86 
1.814770

16	29	5 
1.814770

11	47	26 
1.814770

8	30	72 
1.814770

15	34	77 
1.814770

3	36	93 
1.814770

8	14	3 
1.814770

8	21	94 
1.814770

6	23	17 
1.814770

13	45	21 
1.814770

16	6	61 
1.814770

18	16	81 
1.814770

4	8	2 
1.814770

15	40	10 
1.814770

1	5	51 
1.814770

11	42	24 
1.814770

1	30	46 
1.814770

1	42	8 
1.814770

7	7	36 
1.814770

18	49	96 
1.814770

4	25	41 
1.814770

15	4	17 
1.814770

11	5	9 
1.814770

18	48	35 
1.814770

8	41	31 
1.814770

5	49	66 
1.814770

8	2	46 
1.814770

1	4	70 
1.814770

1	9	93 
1.814770

18	47	7 
1.814770

11	5	8 
1.814770

3	46	64 
1.814770

14	38	4 
1.814770

9	27	6 
1.814770

13	3	48 
1.814770

10	48	96 
1.814770

9	22	18 
1.814770

19	47	69 
1.814770

16	46	9 
1.814770

6	17	83 
1.814770

11	20	97 
1.814770

4	15	19 
1.814770

16	12	38 
1.814770

6	42	89 
1.814770

8	9	82 
1.814770

3	22	73 
1.814770

12	28	50 
1.814770

1	29	36 
1.814770

12	45	31 
1.814770

17	20	98 
1.814770

1	3	18 
1.814770

8	3	4 
1.814770

19	30	59 
1.814770

15	30	49 
1.814770

7	1	94 
1.814770

2	45	28 
1.814770

15	35	74 
1.814770

5	33	34 
1.814770

11	9	58 
1.814770

11	23	40 
1.814770

3	8	20 
1.814770

19	30	7 
1.814770

17	12	81 
1.814770

10	6	63 
1.814770

10	13	81 
1.814770

7	35	39 
1.814770

8	18	88 
1.814770

3	12	36 
1.814770

18	31	65 
1.814770

12	18	39 
1.814770

2	26	42 
1.814770

1	1	5 
1.803063

13	32	66 
1.814770

7	13	95 
1.814770

19	48	17 
1.814770

9	17	71 
1.814770

16	6	60 
1.814770

7	27	21 
1.814770

6	1	92 
1.814770

9	20	89 
1.814770

16	11	34 
1.814770

12	45	68 
1.814770

4	31	67 
1.814770

10	11	34 
1.814770

4	35	8 
1.814770

12	44	15 
1.814770

15	16	89 
1.814770

9	6	57 
1.814770

1	18	19 
1.814770

19	14	58 
1.814770

13	9	75 
1.814770

12	29	7 
1.814770

12	42	69 
1.814770

6	15	61 
1.814770

18	45	85 
1.814770

4	28	52 
1.814770

2	5	57 
1.814770

5	45	99 
1.814770

14	12	46 
1.814770

15	31	10 
1.814770

14	44	41 
1.814770

12	4	34 
1.814770

16	10	33 
1.814770

3	32	98 
1.814770

3	34	83 
1.814770

16	16	28 
1.814770

1	35	25 
1.814770

1	5	34 
1.814770

9	3	81 
1.814770

8	2	39 
1.814770

17	34	83 
1.814770

14	14	20 
1.814770

4	7	26 
1.814770

4	38	62 
1.814770

1	2	43 
1.814770

12	13	11 
1.814770

17	33	5 
1.814770

12	24	2 
1.814770

7	33	98 
1.814770

2	32	90 
1.814770

7	45	34 
1.814770

15	15	11 
1.814770

14	18	18 
1.814770

19	11	47 
1.814770

6	47	33 
1.814770

18	13	70 
1.814770

9	25	68 
1.814770

12	10	92 
1.814770

9	12	30 
1.814770

5	21	76 
1.814770

18	43	42 
1.814770

16	3	14 
1.814770

2	34	50 
1.814770

9	49	13 
1.814770

5	33	56 
1.814770

2	11	55 
1.814770

15	27	74 
1.814770

5	32	20 
1.814770

7	34	20 
1.814770

17	15	49 
1.814770

8	26	87 
1.814770

16	1	26 
1.814770

15	37	91 
1.814770

12	26	53 
1.814770

2	1	80 
1.814770

3	16	91 
1.814770

13	33	86 
1.814770

16	17	14 
1.814770

2	41	95 
1.814770

17	44	91 
1.814770

16	49	96 
1.814770

7	47	33 
1.814770

19	6	53 
1.814770

18	32	80 
1.814770

16	2	85 
1.814770

11	2	27 
1.814770

15	26	40 
1.814770

19	15	45 
1.814770

4	39	69 
1.814770

18	10	19 
1.814770

14	18	57 
1.814770

16	48	13 
1.814770

7	11	66 
1.814770

19	38	54 
1.814770

17	19	73 
1.814770

18	33	34 
1.814770

1	40	57 
1.814770

8	18	2 
1.814770

9	31	18 
1.814770

15	45	91 
1.814770

8	39	4 
1.814770

13	49	7 
1.814770

8	31	64 
1.814770

7	45	65 
1.814770

14	23	3 
1.814770

18	9	94 
1.814770

4	33	67 
1.814770

18	10	73 
1.814770

1	3	95 
1.814770

13	1	66 
1.814770

9	30	27 
1.814770

2	9	89 
1.814770

18	24	9 
1.814770

15	1	8 
1.810008

11	37	17 
1.814770

10	47	23 
1.814770

9	35	52 
1.814770

14	3	36 
1.814770

3	43	28 
1.814770

9	28	53 
1.814770

11	44	32 
1.814770

7	41	70 
1.814770

3	8	14 
1.814770

3	47	46 
1.814770

3	35	81 
1.814770

8	22	81 
1.814770

14	44	67 
1.814770

6	43	50 
1.814770

10	33	29 
1.814770

11	6	12 
1.814770

11	44	32 
1.814770

19	3	44 
1.814770

7	41	70 
1.814770

7	39	59 
1.814770

3	8	14 
1.814770

7	33	21 
1.814770

3	47	46 
1.814770

12	45	16 
1.814770

3	35	81 
1.814770

3	6	64 
1.814770

8	22	81 
1.814770

3	15	35 
1.814770

14	44	67 
1.814770

14	4	40 
1.814770

6	43	50 
1.814770

4	8	80 
1.814770

10	33	29 
1.814770

6	11	3 
1.814770

11	6	12 
1.814770

17	11	52 
1.814770

19	3	44 
1.814770

11	3	53 
1.814770

7	39	59 
1.814770

7	47	48 
1.814770

7	33	21 
1.814770

3	33	13 
1.814770

12	45	16 
1.814770

6	26	21 
1.814770

3	6	64 
1.814770

15	13	87 
1.814770

3	15	35 
1.814770

14	12	50 
1.814770

14	4	40 
1.814770

13	45	93 
1.814770

4	8	80 
1.814770

4	11	69 
1.814770

6	11	3 
1.814770

4	10	93 
1.814770

17	11	52 
1.814770

8	31	17 
1.814770

11	3	53 
1.814770

7	22	13 
1.814770

7	47	48 
1.814770

15	36	17 
1.814770

3	33	13 
1.814770

11	26	55 
1.814770

6	26	21 
1.814770

15	38	14 
1.814770

15	13	87 
1.814770

6	17	89 
1.814770

14	12	50 
1.814770

10	39	18 
1.814770

13	45	93 
1.814770

11	12	78 
1.814770

4	11	69 
1.814770

4	38	85 
1.814770

4	10	93 
1.814770

11	41	55 
1.814770

8	31	17 
1.814770

8	35	43 
1.814770

7	22	13 
1.814770

11	44	32 
1.814770

13	18	39 
1.814770

15	36	17 
1.814770

7	41	70 
1.814770

15	31	81 
1.814770

11	26	55 
1.814770

3	8	14 
1.814770

14	46	80 
1.814770

15	38	14 
1.814770

3	47	46 
1.814770

18	49	88 
1.814770

6	17	89 
1.814770

3	35	81 
1.814770

10	44	59 
1.814770

10	39	18 
1.814770

8	22	81 
1.814770

7	20	17 
1.814770

11	12	78 
1.814770

14	44	67 
1.814770

18	26	71 
1.814770

4	38	85 
1.814770

6	43	50 
1.814770

6	16	89 
1.814770

11	41	55 
1.814770

10	33	29 
1.814770

11	39	61 
1.814770

8	35	43 
1.814770

11	6	12 
1.814770

2	20	46 
1.814770

13	18	39 
1.814770

19	3	44 
1.814770

11	20	52 
1.814770

15	31	81 
1.814770

7	39	59 
1.814770

14	48	90 
1.814770

14	46	80 
1.814770

7	33	21 
1.814770

10	2	38 
1.814770

18	49	88 
1.814770

12	45	16 
1.814770

6	35	32 
1.814770

10	44	59 
1.814770

3	6	64 
1.814770

16	33	67 
1.814770

7	20	17 
1.814770

3	15	35 
1.814770

14	16	20 
1.814770

