   0 	 2.000000 	 5.466667 	 9.000000
    1 	 4.000000 	 6.100000 	 9.000000
    2 	 4.000000 	 6.300000 	 8.000000
    3 	 4.000000 	 6.766667 	 9.000000
    4 	 3.000000 	 6.900000 	 9.000000
    5 	 4.000000 	 7.000000 	 9.000000
    6 	 4.000000 	 7.433333 	 9.000000
    7 	 4.000000 	 7.466667 	 9.000000
    8 	 4.000000 	 7.466667 	 9.000000
    9 	 4.000000 	 7.733333 	 9.000000
   10 	 5.000000 	 8.233333 	 9.000000
   11 	 7.000000 	 8.366667 	 9.000000
   12 	 6.000000 	 8.300000 	 9.000000
   13 	 7.000000 	 8.433333 	 9.000000
   14 	 7.000000 	 8.466667 	 9.000000
   15 	 7.000000 	 8.466667 	 9.000000
   16 	 7.000000 	 8.466667 	 9.000000
   17 	 7.000000 	 8.600000 	 9.000000
   18 	 8.000000 	 8.700000 	 10.000000
   19 	 8.000000 	 8.866667 	 10.000000
   20 	 7.000000 	 8.900000 	 10.000000
   21 	 7.000000 	 8.933333 	 10.000000
   22 	 8.000000 	 9.033333 	 10.000000
   23 	 8.000000 	 9.333333 	 10.000000
   24 	 8.000000 	 9.533333 	 10.000000
   25 	 8.000000 	 9.466667 	 10.000000
   26 	 9.000000 	 9.566667 	 10.000000
   27 	 9.000000 	 9.666667 	 10.000000
   28 	 9.000000 	 9.633333 	 10.000000
   29 	 9.000000 	 9.666667 	 10.000000
   30 	 9.000000 	 9.600000 	 10.000000
   31 	 8.000000 	 9.666667 	 10.000000
   32 	 8.000000 	 9.600000 	 10.000000
   33 	 8.000000 	 9.600000 	 10.000000
   34 	 9.000000 	 9.666667 	 10.000000
   35 	 9.000000 	 9.700000 	 10.000000
   36 	 9.000000 	 9.700000 	 10.000000
   37 	 9.000000 	 9.700000 	 10.000000
   38 	 9.000000 	 9.766667 	 10.000000
   39 	 9.000000 	 9.833333 	 10.000000
   40 	 9.000000 	 9.966667 	 10.000000
   41 	 9.000000 	 9.933333 	 10.000000
   42 	 9.000000 	 9.966667 	 10.000000
   43 	 10.000000 	 10.000000 	 10.000000
   44 	 10.000000 	 10.000000 	 10.000000
   45 	 10.000000 	 10.000000 	 10.000000
   46 	 10.000000 	 10.000000 	 10.000000
   47 	 9.000000 	 9.966667 	 10.000000
   48 	 9.000000 	 9.966667 	 10.000000
   49 	 9.000000 	 9.966667 	 10.000000
   50 	 9.000000 	 9.900000 	 10.000000
   51 	 9.000000 	 9.800000 	 10.000000
   52 	 8.000000 	 9.800000 	 10.000000
   53 	 9.000000 	 9.800000 	 10.000000
   54 	 9.000000 	 9.866667 	 10.000000
   55 	 9.000000 	 9.900000 	 10.000000
   56 	 9.000000 	 9.833333 	 10.000000
   57 	 9.000000 	 9.866667 	 10.000000
   58 	 9.000000 	 9.866667 	 10.000000
   59 	 9.000000 	 9.833333 	 10.000000
    0 	 2.000000 	 5.466667 	 9.000000
    1 	 4.000000 	 6.100000 	 9.000000
    2 	 4.000000 	 6.300000 	 8.000000
    3 	 4.000000 	 6.766667 	 9.000000
    4 	 3.000000 	 6.900000 	 9.000000
    5 	 4.000000 	 7.000000 	 9.000000
    6 	 4.000000 	 7.433333 	 9.000000
    7 	 4.000000 	 7.466667 	 9.000000
    8 	 4.000000 	 7.466667 	 9.000000
    9 	 4.000000 	 7.733333 	 9.000000
   10 	 5.000000 	 8.233333 	 9.000000
   11 	 7.000000 	 8.366667 	 9.000000
   12 	 6.000000 	 8.300000 	 9.000000
   13 	 7.000000 	 8.433333 	 9.000000
   14 	 7.000000 	 8.466667 	 9.000000
   15 	 7.000000 	 8.466667 	 9.000000
   16 	 7.000000 	 8.466667 	 9.000000
   17 	 7.000000 	 8.600000 	 9.000000
   18 	 8.000000 	 8.700000 	 10.000000
   19 	 8.000000 	 8.866667 	 10.000000
   20 	 7.000000 	 8.900000 	 10.000000
   21 	 7.000000 	 8.933333 	 10.000000
   22 	 8.000000 	 9.033333 	 10.000000
   23 	 8.000000 	 9.333333 	 10.000000
   24 	 8.000000 	 9.533333 	 10.000000
   25 	 8.000000 	 9.466667 	 10.000000
   26 	 9.000000 	 9.566667 	 10.000000
   27 	 9.000000 	 9.666667 	 10.000000
   28 	 9.000000 	 9.633333 	 10.000000
   29 	 9.000000 	 9.666667 	 10.000000
   30 	 9.000000 	 9.600000 	 10.000000
   31 	 8.000000 	 9.666667 	 10.000000
   32 	 8.000000 	 9.600000 	 10.000000
   33 	 8.000000 	 9.600000 	 10.000000
   34 	 9.000000 	 9.666667 	 10.000000
   35 	 9.000000 	 9.700000 	 10.000000
   36 	 9.000000 	 9.700000 	 10.000000
   37 	 9.000000 	 9.700000 	 10.000000
   38 	 9.000000 	 9.766667 	 10.000000
   39 	 9.000000 	 9.833333 	 10.000000
   40 	 9.000000 	 9.966667 	 10.000000
   41 	 9.000000 	 9.933333 	 10.000000
   42 	 9.000000 	 9.966667 	 10.000000
   43 	 10.000000 	 10.000000 	 10.000000
   44 	 10.000000 	 10.000000 	 10.000000
   45 	 10.000000 	 10.000000 	 10.000000
   46 	 10.000000 	 10.000000 	 10.000000
   47 	 9.000000 	 9.966667 	 10.000000
   48 	 9.000000 	 9.966667 	 10.000000
   49 	 9.000000 	 9.966667 	 10.000000
   50 	 9.000000 	 9.900000 	 10.000000
   51 	 9.000000 	 9.800000 	 10.000000
   52 	 8.000000 	 9.800000 	 10.000000
   53 	 9.000000 	 9.800000 	 10.000000
   54 	 9.000000 	 9.866667 	 10.000000
   55 	 9.000000 	 9.900000 	 10.000000
   56 	 9.000000 	 9.833333 	 10.000000
   57 	 9.000000 	 9.866667 	 10.000000
   58 	 9.000000 	 9.866667 	 10.000000
   59 	 9.000000 	 9.833333 	 10.000000
    0 	 2.000000 	 5.466667 	 9.000000
    1 	 4.000000 	 6.100000 	 9.000000
    2 	 4.000000 	 6.300000 	 8.000000
    3 	 4.000000 	 6.766667 	 9.000000
    4 	 3.000000 	 6.900000 	 9.000000
    5 	 4.000000 	 7.000000 	 9.000000
    6 	 4.000000 	 7.433333 	 9.000000
    7 	 4.000000 	 7.466667 	 9.000000
    8 	 4.000000 	 7.466667 	 9.000000
    9 	 4.000000 	 7.733333 	 9.000000
   10 	 5.000000 	 8.233333 	 9.000000
   11 	 7.000000 	 8.366667 	 9.000000
   12 	 6.000000 	 8.300000 	 9.000000
   13 	 7.000000 	 8.433333 	 9.000000
   14 	 7.000000 	 8.466667 	 9.000000
   15 	 7.000000 	 8.466667 	 9.000000
   16 	 7.000000 	 8.466667 	 9.000000
   17 	 7.000000 	 8.600000 	 9.000000
   18 	 8.000000 	 8.700000 	 10.000000
   19 	 8.000000 	 8.866667 	 10.000000
   20 	 7.000000 	 8.900000 	 10.000000
   21 	 7.000000 	 8.933333 	 10.000000
   22 	 8.000000 	 9.033333 	 10.000000
   23 	 8.000000 	 9.333333 	 10.000000
   24 	 8.000000 	 9.533333 	 10.000000
   25 	 8.000000 	 9.466667 	 10.000000
   26 	 9.000000 	 9.566667 	 10.000000
   27 	 9.000000 	 9.666667 	 10.000000
   28 	 9.000000 	 9.633333 	 10.000000
   29 	 9.000000 	 9.666667 	 10.000000
   30 	 9.000000 	 9.600000 	 10.000000
   31 	 8.000000 	 9.666667 	 10.000000
   32 	 8.000000 	 9.600000 	 10.000000
   33 	 8.000000 	 9.600000 	 10.000000
   34 	 9.000000 	 9.666667 	 10.000000
   35 	 9.000000 	 9.700000 	 10.000000
   36 	 9.000000 	 9.700000 	 10.000000
   37 	 9.000000 	 9.700000 	 10.000000
   38 	 9.000000 	 9.766667 	 10.000000
   39 	 9.000000 	 9.833333 	 10.000000
   40 	 9.000000 	 9.966667 	 10.000000
   41 	 9.000000 	 9.933333 	 10.000000
   42 	 9.000000 	 9.966667 	 10.000000
   43 	 10.000000 	 10.000000 	 10.000000
   44 	 10.000000 	 10.000000 	 10.000000
   45 	 10.000000 	 10.000000 	 10.000000
   46 	 10.000000 	 10.000000 	 10.000000
   47 	 9.000000 	 9.966667 	 10.000000
   48 	 9.000000 	 9.966667 	 10.000000
   49 	 9.000000 	 9.966667 	 10.000000
   50 	 9.000000 	 9.900000 	 10.000000
   51 	 9.000000 	 9.800000 	 10.000000
   52 	 8.000000 	 9.800000 	 10.000000
   53 	 9.000000 	 9.800000 	 10.000000
   54 	 9.000000 	 9.866667 	 10.000000
   55 	 9.000000 	 9.900000 	 10.000000
   56 	 9.000000 	 9.833333 	 10.000000
   57 	 9.000000 	 9.866667 	 10.000000
   58 	 9.000000 	 9.866667 	 10.000000
   59 	 9.000000 	 9.833333 	 10.000000
    0 	 2.000000 	 5.466667 	 9.000000
    1 	 4.000000 	 6.100000 	 9.000000
    2 	 4.000000 	 6.300000 	 8.000000
    3 	 4.000000 	 6.766667 	 9.000000
    4 	 3.000000 	 6.900000 	 9.000000
    5 	 4.000000 	 7.000000 	 9.000000
    6 	 4.000000 	 7.433333 	 9.000000
    7 	 4.000000 	 7.466667 	 9.000000
    8 	 4.000000 	 7.466667 	 9.000000
    9 	 4.000000 	 7.733333 	 9.000000
   10 	 5.000000 	 8.233333 	 9.000000
   11 	 7.000000 	 8.366667 	 9.000000
   12 	 6.000000 	 8.300000 	 9.000000
   13 	 7.000000 	 8.433333 	 9.000000
   14 	 7.000000 	 8.466667 	 9.000000
   15 	 7.000000 	 8.466667 	 9.000000
   16 	 7.000000 	 8.466667 	 9.000000
   17 	 7.000000 	 8.600000 	 9.000000
   18 	 8.000000 	 8.700000 	 10.000000
   19 	 8.000000 	 8.866667 	 10.000000
   20 	 7.000000 	 8.900000 	 10.000000
   21 	 7.000000 	 8.933333 	 10.000000
   22 	 8.000000 	 9.033333 	 10.000000
   23 	 8.000000 	 9.333333 	 10.000000
   24 	 8.000000 	 9.533333 	 10.000000
   25 	 8.000000 	 9.466667 	 10.000000
   26 	 9.000000 	 9.566667 	 10.000000
   27 	 9.000000 	 9.666667 	 10.000000
   28 	 9.000000 	 9.633333 	 10.000000
   29 	 9.000000 	 9.666667 	 10.000000
   30 	 9.000000 	 9.600000 	 10.000000
   31 	 8.000000 	 9.666667 	 10.000000
   32 	 8.000000 	 9.600000 	 10.000000
   33 	 8.000000 	 9.600000 	 10.000000
   34 	 9.000000 	 9.666667 	 10.000000
   35 	 9.000000 	 9.700000 	 10.000000
   36 	 9.000000 	 9.700000 	 10.000000
   37 	 9.000000 	 9.700000 	 10.000000
   38 	 9.000000 	 9.766667 	 10.000000
   39 	 9.000000 	 9.833333 	 10.000000
   40 	 9.000000 	 9.966667 	 10.000000
   41 	 9.000000 	 9.933333 	 10.000000
   42 	 9.000000 	 9.966667 	 10.000000
   43 	 10.000000 	 10.000000 	 10.000000
   44 	 10.000000 	 10.000000 	 10.000000
   45 	 10.000000 	 10.000000 	 10.000000
   46 	 10.000000 	 10.000000 	 10.000000
   47 	 9.000000 	 9.966667 	 10.000000
   48 	 9.000000 	 9.966667 	 10.000000
   49 	 9.000000 	 9.966667 	 10.000000
   50 	 9.000000 	 9.900000 	 10.000000
   51 	 9.000000 	 9.800000 	 10.000000
   52 	 8.000000 	 9.800000 	 10.000000
   53 	 9.000000 	 9.800000 	 10.000000
   54 	 9.000000 	 9.866667 	 10.000000
   55 	 9.000000 	 9.900000 	 10.000000
   56 	 9.000000 	 9.833333 	 10.000000
   57 	 9.000000 	 9.866667 	 10.000000
   58 	 9.000000 	 9.866667 	 10.000000
   59 	 9.000000 	 9.833333 	 10.000000
    0 	 2.000000 	 5.466667 	 9.000000
    1 	 4.000000 	 6.100000 	 9.000000
    2 	 4.000000 	 6.300000 	 8.000000
    3 	 4.000000 	 6.766667 	 9.000000
    4 	 3.000000 	 6.900000 	 9.000000
    5 	 4.000000 	 7.000000 	 9.000000
    6 	 4.000000 	 7.433333 	 9.000000
    7 	 4.000000 	 7.466667 	 9.000000
    8 	 4.000000 	 7.466667 	 9.000000
    9 	 4.000000 	 7.733333 	 9.000000
   10 	 5.000000 	 8.233333 	 9.000000
   11 	 7.000000 	 8.366667 	 9.000000
   12 	 6.000000 	 8.300000 	 9.000000
   13 	 7.000000 	 8.433333 	 9.000000
   14 	 7.000000 	 8.466667 	 9.000000
   15 	 7.000000 	 8.466667 	 9.000000
   16 	 7.000000 	 8.466667 	 9.000000
   17 	 7.000000 	 8.600000 	 9.000000
   18 	 8.000000 	 8.700000 	 10.000000
   19 	 8.000000 	 8.866667 	 10.000000
   20 	 7.000000 	 8.900000 	 10.000000
   21 	 7.000000 	 8.933333 	 10.000000
   22 	 8.000000 	 9.033333 	 10.000000
   23 	 8.000000 	 9.333333 	 10.000000
   24 	 8.000000 	 9.533333 	 10.000000
   25 	 8.000000 	 9.466667 	 10.000000
   26 	 9.000000 	 9.566667 	 10.000000
   27 	 9.000000 	 9.666667 	 10.000000
   28 	 9.000000 	 9.633333 	 10.000000
   29 	 9.000000 	 9.666667 	 10.000000
   30 	 9.000000 	 9.600000 	 10.000000
   31 	 8.000000 	 9.666667 	 10.000000
   32 	 8.000000 	 9.600000 	 10.000000
   33 	 8.000000 	 9.600000 	 10.000000
   34 	 9.000000 	 9.666667 	 10.000000
   35 	 9.000000 	 9.700000 	 10.000000
   36 	 9.000000 	 9.700000 	 10.000000
   37 	 9.000000 	 9.700000 	 10.000000
   38 	 9.000000 	 9.766667 	 10.000000
   39 	 9.000000 	 9.833333 	 10.000000
   40 	 9.000000 	 9.966667 	 10.000000
   41 	 9.000000 	 9.933333 	 10.000000
   42 	 9.000000 	 9.966667 	 10.000000
   43 	 10.000000 	 10.000000 	 10.000000
   44 	 10.000000 	 10.000000 	 10.000000
   45 	 10.000000 	 10.000000 	 10.000000
   46 	 10.000000 	 10.000000 	 10.000000
   47 	 9.000000 	 9.966667 	 10.000000
   48 	 9.000000 	 9.966667 	 10.000000
   49 	 9.000000 	 9.966667 	 10.000000
   50 	 9.000000 	 9.900000 	 10.000000
   51 	 9.000000 	 9.800000 	 10.000000
   52 	 8.000000 	 9.800000 	 10.000000
   53 	 9.000000 	 9.800000 	 10.000000
   54 	 9.000000 	 9.866667 	 10.000000
   55 	 9.000000 	 9.900000 	 10.000000
   56 	 9.000000 	 9.833333 	 10.000000
   57 	 9.000000 	 9.866667 	 10.000000
   58 	 9.000000 	 9.866667 	 10.000000
   59 	 9.000000 	 9.833333 	 10.000000
    0 	 2.000000 	 5.466667 	 9.000000
    1 	 4.000000 	 6.100000 	 9.000000
    2 	 4.000000 	 6.300000 	 8.000000
    3 	 4.000000 	 6.766667 	 9.000000
    4 	 3.000000 	 6.900000 	 9.000000
    5 	 4.000000 	 7.000000 	 9.000000
    6 	 4.000000 	 7.433333 	 9.000000
    7 	 4.000000 	 7.466667 	 9.000000
    8 	 4.000000 	 7.466667 	 9.000000
    9 	 4.000000 	 7.733333 	 9.000000
   10 	 5.000000 	 8.233333 	 9.000000
   11 	 7.000000 	 8.366667 	 9.000000
   12 	 6.000000 	 8.300000 	 9.000000
   13 	 7.000000 	 8.433333 	 9.000000
   14 	 7.000000 	 8.466667 	 9.000000
   15 	 7.000000 	 8.466667 	 9.000000
   16 	 7.000000 	 8.466667 	 9.000000
   17 	 7.000000 	 8.600000 	 9.000000
   18 	 8.000000 	 8.700000 	 10.000000
   19 	 8.000000 	 8.866667 	 10.000000
   20 	 7.000000 	 8.900000 	 10.000000
   21 	 7.000000 	 8.933333 	 10.000000
   22 	 8.000000 	 9.033333 	 10.000000
   23 	 8.000000 	 9.333333 	 10.000000
   24 	 8.000000 	 9.533333 	 10.000000
   25 	 8.000000 	 9.466667 	 10.000000
   26 	 9.000000 	 9.566667 	 10.000000
   27 	 9.000000 	 9.666667 	 10.000000
   28 	 9.000000 	 9.633333 	 10.000000
   29 	 9.000000 	 9.666667 	 10.000000
   30 	 9.000000 	 9.600000 	 10.000000
   31 	 8.000000 	 9.666667 	 10.000000
   32 	 8.000000 	 9.600000 	 10.000000
   33 	 8.000000 	 9.600000 	 10.000000
   34 	 9.000000 	 9.666667 	 10.000000
   35 	 9.000000 	 9.700000 	 10.000000
   36 	 9.000000 	 9.700000 	 10.000000
   37 	 9.000000 	 9.700000 	 10.000000
   38 	 9.000000 	 9.766667 	 10.000000
   39 	 9.000000 	 9.833333 	 10.000000
   40 	 9.000000 	 9.966667 	 10.000000
   41 	 9.000000 	 9.933333 	 10.000000
   42 	 9.000000 	 9.966667 	 10.000000
   43 	 10.000000 	 10.000000 	 10.000000
   44 	 10.000000 	 10.000000 	 10.000000
   45 	 10.000000 	 10.000000 	 10.000000
   46 	 10.000000 	 10.000000 	 10.000000
   47 	 9.000000 	 9.966667 	 10.000000
   48 	 9.000000 	 9.966667 	 10.000000
   49 	 9.000000 	 9.966667 	 10.000000
   50 	 9.000000 	 9.900000 	 10.000000
   51 	 9.000000 	 9.800000 	 10.000000
   52 	 8.000000 	 9.800000 	 10.000000
   53 	 9.000000 	 9.800000 	 10.000000
   54 	 9.000000 	 9.866667 	 10.000000
   55 	 9.000000 	 9.900000 	 10.000000
   56 	 9.000000 	 9.833333 	 10.000000
   57 	 9.000000 	 9.866667 	 10.000000
   58 	 9.000000 	 9.866667 	 10.000000
   59 	 9.000000 	 9.833333 	 10.000000
    0 	 2.000000 	 5.466667 	 9.000000
    1 	 4.000000 	 6.100000 	 9.000000
    2 	 4.000000 	 6.300000 	 8.000000
    3 	 4.000000 	 6.766667 	 9.000000
    4 	 3.000000 	 6.900000 	 9.000000
    5 	 4.000000 	 7.000000 	 9.000000
    6 	 4.000000 	 7.433333 	 9.000000
    7 	 4.000000 	 7.466667 	 9.000000
    8 	 4.000000 	 7.466667 	 9.000000
    9 	 4.000000 	 7.733333 	 9.000000
   10 	 5.000000 	 8.233333 	 9.000000
   11 	 7.000000 	 8.366667 	 9.000000
   12 	 6.000000 	 8.300000 	 9.000000
   13 	 7.000000 	 8.433333 	 9.000000
   14 	 7.000000 	 8.466667 	 9.000000
   15 	 7.000000 	 8.466667 	 9.000000
   16 	 7.000000 	 8.466667 	 9.000000
   17 	 7.000000 	 8.600000 	 9.000000
   18 	 8.000000 	 8.700000 	 10.000000
   19 	 8.000000 	 8.866667 	 10.000000
   20 	 7.000000 	 8.900000 	 10.000000
   21 	 7.000000 	 8.933333 	 10.000000
   22 	 8.000000 	 9.033333 	 10.000000
   23 	 8.000000 	 9.333333 	 10.000000
   24 	 8.000000 	 9.533333 	 10.000000
   25 	 8.000000 	 9.466667 	 10.000000
   26 	 9.000000 	 9.566667 	 10.000000
   27 	 9.000000 	 9.666667 	 10.000000
   28 	 9.000000 	 9.633333 	 10.000000
   29 	 9.000000 	 9.666667 	 10.000000
   30 	 9.000000 	 9.600000 	 10.000000
   31 	 8.000000 	 9.666667 	 10.000000
   32 	 8.000000 	 9.600000 	 10.000000
   33 	 8.000000 	 9.600000 	 10.000000
   34 	 9.000000 	 9.666667 	 10.000000
   35 	 9.000000 	 9.700000 	 10.000000
   36 	 9.000000 	 9.700000 	 10.000000
   37 	 9.000000 	 9.700000 	 10.000000
   38 	 9.000000 	 9.766667 	 10.000000
   39 	 9.000000 	 9.833333 	 10.000000
   40 	 9.000000 	 9.966667 	 10.000000
   41 	 9.000000 	 9.933333 	 10.000000
   42 	 9.000000 	 9.966667 	 10.000000
   43 	 10.000000 	 10.000000 	 10.000000
   44 	 10.000000 	 10.000000 	 10.000000
   45 	 10.000000 	 10.000000 	 10.000000
   46 	 10.000000 	 10.000000 	 10.000000
   47 	 9.000000 	 9.966667 	 10.000000
   48 	 9.000000 	 9.966667 	 10.000000
   49 	 9.000000 	 9.966667 	 10.000000
   50 	 9.000000 	 9.900000 	 10.000000
   51 	 9.000000 	 9.800000 	 10.000000
   52 	 8.000000 	 9.800000 	 10.000000
   53 	 9.000000 	 9.800000 	 10.000000
   54 	 9.000000 	 9.866667 	 10.000000
   55 	 9.000000 	 9.900000 	 10.000000
   56 	 9.000000 	 9.833333 	 10.000000
   57 	 9.000000 	 9.866667 	 10.000000
   58 	 9.000000 	 9.866667 	 10.000000
   59 	 9.000000 	 9.833333 	 10.000000
    0 	 2.000000 	 5.466667 	 9.000000
    1 	 4.000000 	 6.100000 	 9.000000
    2 	 4.000000 	 6.300000 	 8.000000
    0 	 2.000000 	 5.466667 	 9.000000
    1 	 4.000000 	 6.100000 	 9.000000
    2 	 4.000000 	 6.300000 	 8.000000
    3 	 4.000000 	 6.766667 	 9.000000
    4 	 3.000000 	 6.900000 	 9.000000
    5 	 4.000000 	 7.000000 	 9.000000
    6 	 4.000000 	 7.433333 	 9.000000
    7 	 4.000000 	 7.466667 	 9.000000
    8 	 4.000000 	 7.466667 	 9.000000
    9 	 4.000000 	 7.733333 	 9.000000
   10 	 5.000000 	 8.233333 	 9.000000
   11 	 7.000000 	 8.366667 	 9.000000
   12 	 6.000000 	 8.300000 	 9.000000
   13 	 7.000000 	 8.433333 	 9.000000
   14 	 7.000000 	 8.466667 	 9.000000
   15 	 7.000000 	 8.466667 	 9.000000
   16 	 7.000000 	 8.466667 	 9.000000
   17 	 7.000000 	 8.600000 	 9.000000
   18 	 8.000000 	 8.700000 	 10.000000
   19 	 8.000000 	 8.866667 	 10.000000
   20 	 7.000000 	 8.900000 	 10.000000
   21 	 7.000000 	 8.933333 	 10.000000
   22 	 8.000000 	 9.033333 	 10.000000
   23 	 8.000000 	 9.333333 	 10.000000
   24 	 8.000000 	 9.533333 	 10.000000
   25 	 8.000000 	 9.466667 	 10.000000
    0 	 2.000000 	 5.466667 	 9.000000
    1 	 4.000000 	 6.100000 	 9.000000
    2 	 4.000000 	 6.300000 	 8.000000
    3 	 4.000000 	 6.766667 	 9.000000
    4 	 3.000000 	 6.900000 	 9.000000
    5 	 4.000000 	 7.000000 	 9.000000
    6 	 4.000000 	 7.433333 	 9.000000
    7 	 4.000000 	 7.466667 	 9.000000
    8 	 4.000000 	 7.466667 	 9.000000
    9 	 4.000000 	 7.733333 	 9.000000
   10 	 5.000000 	 8.233333 	 9.000000
   11 	 7.000000 	 8.366667 	 9.000000
   12 	 6.000000 	 8.300000 	 9.000000
   13 	 7.000000 	 8.433333 	 9.000000
   14 	 7.000000 	 8.466667 	 9.000000
   15 	 7.000000 	 8.466667 	 9.000000
   16 	 7.000000 	 8.466667 	 9.000000
   17 	 7.000000 	 8.600000 	 9.000000
   18 	 8.000000 	 8.700000 	 10.000000
   19 	 8.000000 	 8.866667 	 10.000000
   20 	 7.000000 	 8.900000 	 10.000000
   21 	 7.000000 	 8.933333 	 10.000000
   22 	 8.000000 	 9.033333 	 10.000000
   23 	 8.000000 	 9.333333 	 10.000000
   24 	 8.000000 	 9.533333 	 10.000000
   25 	 8.000000 	 9.466667 	 10.000000
   26 	 9.000000 	 9.566667 	 10.000000
   27 	 9.000000 	 9.666667 	 10.000000
   28 	 9.000000 	 9.633333 	 10.000000
   29 	 9.000000 	 9.666667 	 10.000000
   30 	 9.000000 	 9.600000 	 10.000000
   31 	 8.000000 	 9.666667 	 10.000000
   32 	 8.000000 	 9.600000 	 10.000000
   33 	 8.000000 	 9.600000 	 10.000000
   34 	 9.000000 	 9.666667 	 10.000000
   35 	 9.000000 	 9.700000 	 10.000000
   36 	 9.000000 	 9.700000 	 10.000000
   37 	 9.000000 	 9.700000 	 10.000000
   38 	 9.000000 	 9.766667 	 10.000000
   39 	 9.000000 	 9.833333 	 10.000000
   40 	 9.000000 	 9.966667 	 10.000000
   41 	 9.000000 	 9.933333 	 10.000000
   42 	 9.000000 	 9.966667 	 10.000000
   43 	 10.000000 	 10.000000 	 10.000000
   44 	 10.000000 	 10.000000 	 10.000000
   45 	 10.000000 	 10.000000 	 10.000000
   46 	 10.000000 	 10.000000 	 10.000000
   47 	 9.000000 	 9.966667 	 10.000000
   48 	 9.000000 	 9.966667 	 10.000000
   49 	 9.000000 	 9.966667 	 10.000000
   50 	 9.000000 	 9.900000 	 10.000000
   51 	 9.000000 	 9.800000 	 10.000000
   52 	 8.000000 	 9.800000 	 10.000000
   53 	 9.000000 	 9.800000 	 10.000000
   54 	 9.000000 	 9.866667 	 10.000000
   55 	 9.000000 	 9.900000 	 10.000000
   56 	 9.000000 	 9.833333 	 10.000000
   57 	 9.000000 	 9.866667 	 10.000000
   58 	 9.000000 	 9.866667 	 10.000000
   59 	 9.000000 	 9.833333 	 10.000000
    0 	 0.000000 	 0.566667 	 3.000000
    0 	 0.000000 	 0.900000 	 3.000000
    1 	 1.000000 	 2.033333 	 3.000000
    0 	 0.000000 	 0.800000 	 3.000000
    0 	 0.000000 	 0.200000 	 1.000000
    0 	 0.000000 	 0.200000 	 1.000000
    0 	 0.000000 	 0.200000 	 1.000000
    0 	 0.000000 	 0.200000 	 1.000000
    1 	 1.000000 	 1.000000 	 1.000000
    2 	 1.000000 	 1.000000 	 1.000000
    3 	 1.000000 	 1.000000 	 1.000000
    4 	 1.000000 	 1.000000 	 1.000000
    5 	 1.000000 	 1.000000 	 1.000000
    6 	 1.000000 	 1.000000 	 1.000000
    7 	 0.000000 	 0.966667 	 1.000000
    8 	 1.000000 	 1.000000 	 1.000000
    9 	 1.000000 	 1.000000 	 1.000000
   10 	 1.000000 	 1.000000 	 1.000000
   11 	 1.000000 	 1.000000 	 1.000000
   12 	 1.000000 	 1.000000 	 1.000000
   13 	 1.000000 	 1.000000 	 1.000000
   14 	 1.000000 	 1.000000 	 1.000000
   15 	 1.000000 	 1.000000 	 1.000000
   16 	 1.000000 	 1.000000 	 1.000000
   17 	 1.000000 	 1.000000 	 1.000000
   18 	 1.000000 	 1.000000 	 1.000000
   19 	 1.000000 	 1.000000 	 1.000000
   20 	 1.000000 	 1.000000 	 1.000000
   21 	 1.000000 	 1.000000 	 1.000000
   22 	 1.000000 	 1.000000 	 1.000000
   23 	 1.000000 	 1.000000 	 1.000000
   24 	 1.000000 	 1.000000 	 1.000000
   25 	 1.000000 	 1.000000 	 1.000000
   26 	 1.000000 	 1.000000 	 1.000000
   27 	 1.000000 	 1.000000 	 1.000000
   28 	 1.000000 	 1.000000 	 1.000000
   29 	 1.000000 	 1.000000 	 1.000000
   30 	 1.000000 	 1.000000 	 1.000000
   31 	 1.000000 	 1.000000 	 1.000000
   32 	 1.000000 	 1.000000 	 1.000000
   33 	 1.000000 	 1.000000 	 1.000000
   34 	 1.000000 	 1.000000 	 1.000000
   35 	 1.000000 	 1.000000 	 1.000000
   36 	 1.000000 	 1.000000 	 1.000000
   37 	 1.000000 	 1.000000 	 1.000000
   38 	 1.000000 	 1.000000 	 1.000000
   39 	 1.000000 	 1.000000 	 1.000000
   40 	 1.000000 	 1.000000 	 1.000000
   41 	 1.000000 	 1.000000 	 1.000000
   42 	 1.000000 	 1.000000 	 1.000000
   43 	 1.000000 	 1.000000 	 1.000000
   44 	 1.000000 	 1.000000 	 1.000000
   45 	 1.000000 	 1.000000 	 1.000000
   46 	 1.000000 	 1.000000 	 1.000000
   47 	 1.000000 	 1.000000 	 1.000000
   48 	 1.000000 	 1.000000 	 1.000000
   49 	 1.000000 	 1.000000 	 1.000000
   50 	 1.000000 	 1.000000 	 1.000000
   51 	 1.000000 	 1.000000 	 1.000000
   52 	 1.000000 	 1.000000 	 1.000000
   53 	 1.000000 	 1.000000 	 1.000000
   54 	 1.000000 	 1.000000 	 1.000000
   55 	 1.000000 	 1.000000 	 1.000000
   56 	 1.000000 	 1.000000 	 1.000000
   57 	 1.000000 	 1.000000 	 1.000000
   58 	 1.000000 	 1.000000 	 1.000000
   59 	 1.000000 	 1.000000 	 1.000000
    0 	 0.000000 	 0.600000 	 2.000000
    1 	 0.000000 	 1.400000 	 3.000000
    2 	 0.000000 	 1.800000 	 3.000000
    3 	 1.000000 	 1.966667 	 3.000000
    4 	 0.000000 	 2.166667 	 3.000000
    5 	 1.000000 	 2.433333 	 3.000000
    6 	 1.000000 	 2.533333 	 3.000000
    7 	 2.000000 	 2.600000 	 3.000000
    8 	 2.000000 	 2.766667 	 3.000000
    9 	 1.000000 	 2.733333 	 3.000000
    0 	 0.000000 	 0.600000 	 2.000000
    0 	 0.000000 	 0.600000 	 2.000000
    1 	 0.000000 	 0.633333 	 2.000000
    2 	 0.000000 	 0.433333 	 2.000000
    3 	 0.000000 	 0.433333 	 2.000000
    4 	 0.000000 	 0.533333 	 1.000000
    5 	 0.000000 	 0.533333 	 1.000000
    6 	 0.000000 	 0.500000 	 1.000000
    7 	 0.000000 	 0.500000 	 1.000000
    8 	 0.000000 	 0.566667 	 1.000000
    9 	 0.000000 	 0.633333 	 1.000000
   10 	 0.000000 	 0.700000 	 1.000000
   11 	 0.000000 	 0.600000 	 1.000000
   12 	 0.000000 	 0.666667 	 1.000000
   13 	 0.000000 	 0.700000 	 1.000000
   14 	 0.000000 	 0.800000 	 1.000000
   15 	 0.000000 	 0.800000 	 1.000000
   16 	 0.000000 	 0.866667 	 1.000000
   17 	 0.000000 	 0.800000 	 1.000000
   18 	 0.000000 	 0.700000 	 1.000000
   19 	 0.000000 	 0.700000 	 1.000000
   20 	 0.000000 	 0.533333 	 1.000000
   21 	 0.000000 	 0.400000 	 1.000000
   22 	 0.000000 	 0.466667 	 1.000000
   23 	 0.000000 	 0.400000 	 1.000000
   24 	 0.000000 	 0.266667 	 1.000000
   25 	 0.000000 	 0.133333 	 1.000000
   26 	 0.000000 	 0.066667 	 1.000000
   27 	 0.000000 	 0.100000 	 1.000000
   28 	 0.000000 	 0.100000 	 1.000000
   29 	 0.000000 	 0.066667 	 1.000000
   30 	 0.000000 	 0.033333 	 1.000000
   31 	 0.000000 	 0.000000 	 0.000000
   32 	 0.000000 	 0.000000 	 0.000000
   33 	 0.000000 	 0.000000 	 0.000000
   34 	 0.000000 	 0.000000 	 0.000000
   35 	 0.000000 	 0.000000 	 0.000000
   36 	 0.000000 	 0.000000 	 0.000000
   37 	 0.000000 	 0.000000 	 0.000000
   38 	 0.000000 	 0.000000 	 0.000000
   39 	 0.000000 	 0.000000 	 0.000000
   40 	 0.000000 	 0.000000 	 0.000000
   41 	 0.000000 	 0.000000 	 0.000000
   42 	 0.000000 	 0.000000 	 0.000000
   43 	 0.000000 	 0.000000 	 0.000000
   44 	 0.000000 	 0.000000 	 0.000000
   45 	 0.000000 	 0.000000 	 0.000000
   46 	 0.000000 	 0.000000 	 0.000000
   47 	 0.000000 	 0.000000 	 0.000000
   48 	 0.000000 	 0.000000 	 0.000000
   49 	 0.000000 	 0.000000 	 0.000000
   50 	 0.000000 	 0.000000 	 0.000000
   51 	 0.000000 	 0.000000 	 0.000000
   52 	 0.000000 	 0.000000 	 0.000000
   53 	 0.000000 	 0.000000 	 0.000000
   54 	 0.000000 	 0.033333 	 1.000000
   55 	 0.000000 	 0.033333 	 1.000000
   56 	 0.000000 	 0.066667 	 1.000000
   57 	 0.000000 	 0.066667 	 1.000000
   58 	 0.000000 	 0.000000 	 0.000000
   59 	 0.000000 	 0.000000 	 0.000000
    0 	 0.000000 	 0.600000 	 2.000000
    1 	 0.000000 	 0.633333 	 3.000000
    2 	 0.000000 	 0.433333 	 3.000000
    3 	 0.000000 	 0.500000 	 3.000000
    4 	 0.000000 	 0.566667 	 2.000000
    5 	 0.000000 	 0.633333 	 2.000000
    6 	 0.000000 	 0.733333 	 2.000000
    7 	 0.000000 	 0.766667 	 2.000000
    8 	 0.000000 	 0.866667 	 2.000000
    9 	 0.000000 	 0.900000 	 2.000000
   10 	 0.000000 	 1.000000 	 2.000000
   11 	 0.000000 	 0.866667 	 2.000000
   12 	 0.000000 	 0.766667 	 2.000000
   13 	 0.000000 	 0.866667 	 2.000000
   14 	 0.000000 	 1.033333 	 2.000000
   15 	 0.000000 	 1.100000 	 2.000000
   16 	 0.000000 	 1.100000 	 2.000000
   17 	 0.000000 	 0.966667 	 2.000000
   18 	 0.000000 	 0.833333 	 2.000000
   19 	 0.000000 	 0.900000 	 2.000000
   20 	 0.000000 	 0.766667 	 2.000000
   21 	 0.000000 	 0.666667 	 2.000000
   22 	 0.000000 	 0.700000 	 2.000000
   23 	 0.000000 	 0.633333 	 2.000000
   24 	 0.000000 	 0.633333 	 2.000000
   25 	 0.000000 	 0.500000 	 2.000000
   26 	 0.000000 	 0.500000 	 2.000000
   27 	 0.000000 	 0.633333 	 2.000000
   28 	 0.000000 	 0.733333 	 2.000000
   29 	 0.000000 	 0.633333 	 2.000000
   30 	 0.000000 	 0.500000 	 1.000000
   31 	 0.000000 	 0.366667 	 1.000000
   32 	 0.000000 	 0.233333 	 1.000000
   33 	 0.000000 	 0.300000 	 1.000000
   34 	 0.000000 	 0.366667 	 1.000000
   35 	 0.000000 	 0.466667 	 1.000000
   36 	 0.000000 	 0.533333 	 1.000000
   37 	 0.000000 	 0.333333 	 1.000000
   38 	 0.000000 	 0.400000 	 1.000000
   39 	 0.000000 	 0.533333 	 1.000000
   40 	 0.000000 	 0.533333 	 1.000000
   41 	 0.000000 	 0.500000 	 1.000000
   42 	 0.000000 	 0.466667 	 1.000000
   43 	 0.000000 	 0.566667 	 1.000000
   44 	 0.000000 	 0.400000 	 1.000000
   45 	 0.000000 	 0.466667 	 1.000000
   46 	 0.000000 	 0.466667 	 1.000000
   47 	 0.000000 	 0.466667 	 1.000000
   48 	 0.000000 	 0.433333 	 1.000000
   49 	 0.000000 	 0.433333 	 1.000000
   50 	 0.000000 	 0.300000 	 1.000000
   51 	 0.000000 	 0.200000 	 1.000000
   52 	 0.000000 	 0.233333 	 1.000000
   53 	 0.000000 	 0.233333 	 1.000000
   54 	 0.000000 	 0.166667 	 1.000000
   55 	 0.000000 	 0.233333 	 1.000000
   56 	 0.000000 	 0.300000 	 1.000000
   57 	 0.000000 	 0.266667 	 1.000000
   58 	 0.000000 	 0.400000 	 1.000000
   59 	 0.000000 	 0.533333 	 1.000000
    0 	 0.000000 	 0.533333 	 2.000000
    1 	 0.000000 	 0.600000 	 3.000000
    2 	 0.000000 	 0.333333 	 2.000000
    3 	 0.000000 	 0.400000 	 2.000000
    4 	 0.000000 	 0.500000 	 2.000000
    5 	 0.000000 	 0.566667 	 2.000000
    6 	 0.000000 	 0.600000 	 2.000000
    7 	 0.000000 	 0.600000 	 2.000000
    8 	 0.000000 	 0.633333 	 2.000000
    9 	 0.000000 	 0.533333 	 2.000000
   10 	 0.000000 	 0.600000 	 1.000000
   11 	 0.000000 	 0.366667 	 1.000000
   12 	 0.000000 	 0.200000 	 1.000000
   13 	 0.000000 	 0.233333 	 1.000000
   14 	 0.000000 	 0.333333 	 1.000000
   15 	 0.000000 	 0.400000 	 1.000000
   16 	 0.000000 	 0.433333 	 1.000000
    0 	 0.000000 	 0.720000 	 4.000000
    1 	 0.000000 	 0.540000 	 3.000000
    2 	 0.000000 	 0.540000 	 2.000000
    3 	 0.000000 	 0.500000 	 2.000000
    4 	 0.000000 	 0.520000 	 2.000000
    5 	 0.000000 	 0.480000 	 2.000000
    6 	 0.000000 	 0.400000 	 2.000000
    7 	 0.000000 	 0.340000 	 1.000000
    8 	 0.000000 	 0.280000 	 1.000000
    9 	 0.000000 	 0.320000 	 1.000000
   10 	 0.000000 	 0.280000 	 1.000000
   11 	 0.000000 	 0.260000 	 1.000000
   12 	 0.000000 	 0.180000 	 1.000000
   13 	 0.000000 	 0.120000 	 1.000000
   14 	 0.000000 	 0.140000 	 1.000000
   15 	 0.000000 	 0.120000 	 1.000000
   16 	 0.000000 	 0.120000 	 1.000000
   17 	 0.000000 	 0.120000 	 1.000000
   18 	 0.000000 	 0.160000 	 1.000000
   19 	 0.000000 	 0.200000 	 1.000000
   20 	 0.000000 	 0.200000 	 1.000000
   21 	 0.000000 	 0.140000 	 1.000000
   22 	 0.000000 	 0.080000 	 1.000000
   23 	 0.000000 	 0.100000 	 1.000000
   24 	 0.000000 	 0.080000 	 1.000000
   25 	 0.000000 	 0.060000 	 1.000000
   26 	 0.000000 	 0.020000 	 1.000000
   27 	 0.000000 	 0.020000 	 1.000000
   28 	 0.000000 	 0.020000 	 1.000000
    0 	 0.000000 	 0.720000 	 4.000000
    1 	 0.000000 	 0.240000 	 2.000000
    2 	 0.000000 	 0.140000 	 1.000000
    3 	 0.000000 	 0.040000 	 1.000000
    4 	 0.000000 	 0.020000 	 1.000000
    5 	 0.000000 	 0.000000 	 0.000000
 