0.260000	0.900000 
1.799713

0.490000	0.050000 
1.799713

0.580000	0.600000 
1.799713

0.840000	0.900000 
1.799713

0.840000	0.800000 
1.799713

0.020000	0.750000 
1.799713

0.920000	0.650000 
1.799713

0.730000	0.050000 
1.799713

0.600000	0.300000 
1.799713

0.580000	0.400000 
1.799713

0.220000	0.400000 
1.799713

0.600000	0.150000 
1.799713

0.620000	0.400000 
1.799713

0.960000	0.800000 
1.799713

0.940000	0.650000 
1.799713

0.770000	0.300000 
1.799713

0.070000	0.300000 
1.799713

0.530000	0.250000 
1.799713

0.090000	0.400000 
1.799713

0.940000	0.500000 
1.799713

0.690000	0.550000 
1.799713

0.210000	0.300000 
1.799713

0.860000	0.350000 
1.799713

0.310000	0.250000 
1.799713

0.760000	0.950000 
1.799713

0.690000	0.550000 
1.799713

0.780000	0.900000 
1.799713

0.260000	0.900000 
1.799713

0.600000	0.800000 
1.799713

0.610000	0.150000 
1.799713

0.610000	0.350000 
1.799713

0.610000	0.350000 
1.799713

0.300000	0.200000 
1.799713

0.510000	0.350000 
1.799713

0.320000	0.800000 
1.799713

0.550000	0.500000 
1.799713

0.180000	0.500000 
1.799713

1.110000	0.950000 
0.000000

0.600000	0.800000 
1.799713

0.070000	0.600000 
1.799713

0.250000	0.900000 
1.799713

0.610000	0.800000 
1.799713

0.220000	0.400000 
1.799713

0.940000	0.650000 
1.799713

0.910000	0.700000 
1.799713

0.940000	0.450000 
1.799713

0.690000	0.350000 
1.799713

0.850000	0.450000 
1.799713

0.780000	0.900000 
1.799713

0.690000	0.550000 
1.799713

0.220000	0.500000 
1.799713

0.250000	0.850000 
1.799713

0.580000	0.800000 
1.799713

0.860000	0.950000 
1.799713

0.330000	0.250000 
1.799713

0.580000	0.300000 
1.799713

0.100000	0.400000 
1.799713

0.770000	0.900000 
1.799713

0.930000	0.500000 
1.799713

0.940000	0.850000 
1.799713

1.160000	0.750000 
0.000000

0.080000	0.100000 
1.799713

0.840000	0.900000 
1.799713

0.240000	0.500000 
1.799713

1.160000	1.150000 
0.000000

0.170000	0.200000 
1.799713

0.780000	0.900000 
1.799713

0.790000	0.900000 
1.799713

0.330000	0.250000 
1.799713

0.250000	0.950000 
1.799713

0.830000	0.450000 
1.799713

0.630000	0.350000 
1.799713

0.330000	0.250000 
1.799713

0.940000	0.650000 
1.799713

0.520000	0.350000 
1.799713

0.240000	0.850000 
1.799713

0.970000	0.450000 
1.799713

0.660000	0.350000 
1.799713

0.770000	0.900000 
1.799713

0.850000	0.550000 
1.799713

0.820000	0.950000 
1.799713

0.700000	0.350000 
1.799713

0.640000	0.450000 
1.799713

0.830000	0.850000 
1.799713

0.720000	1.050000 
0.000000

0.580000	0.300000 
1.799713

0.640000	0.800000 
1.799713

0.730000	0.850000 
1.799713

0.260000	0.950000 
1.799713

0.850000	0.950000 
1.799713

0.700000	0.700000 
1.799713

0.600000	0.500000 
1.799713

0.250000	0.450000 
1.799713

0.620000	0.250000 
1.799713

0.780000	0.900000 
1.799713

0.630000	0.350000 
1.799713

0.710000	0.900000 
1.799713

0.370000	0.900000 
1.799713

0.860000	0.950000 
1.799713

0.830000	0.900000 
1.799713

0.610000	0.450000 
1.799713

0.270000	0.800000 
1.799713

0.240000	0.450000 
1.799713

0.240000	0.900000 
1.799713

0.640000	0.350000 
1.799713

0.240000	0.500000 
1.799713

0.770000	0.850000 
1.799713

0.770000	0.900000 
1.799713

0.410000	0.850000 
1.799713

0.870000	0.950000 
1.799713

0.320000	0.250000 
1.799713

0.050000	0.050000 
1.799713

0.370000	0.300000 
1.799713

0.730000	0.850000 
1.799713

0.850000	0.550000 
1.799713

0.660000	0.350000 
1.799713

0.800000	0.950000 
1.799713

0.280000	0.850000 
1.799713

0.600000	0.350000 
1.799713

0.550000	0.350000 
1.799713

0.890000	0.950000 
1.799713

0.760000	0.800000 
1.799713

0.290000	0.850000 
1.799713

0.700000	0.700000 
1.799713

0.740000	0.800000 
1.799713

0.280000	0.450000 
1.799713

0.630000	0.550000 
1.799713

0.500000	0.900000 
1.799713

0.730000	1.100000 
0.000000

0.890000	0.350000 
1.799713

0.610000	0.500000 
1.799713

0.600000	0.300000 
1.799713

0.960000	0.150000 
1.799713

0.630000	0.350000 
1.799713

0.460000	0.850000 
1.799713

0.820000	0.950000 
1.799713

0.330000	0.250000 
1.799713

0.760000	0.900000 
1.799713

0.640000	0.500000 
1.799713

0.200000	0.450000 
1.799713

0.610000	0.350000 
1.799713

0.250000	0.500000 
1.799713

0.580000	0.350000 
1.799713

0.880000	0.100000 
1.799713

0.750000	0.900000 
1.799713

0.890000	0.950000 
1.799713

0.240000	0.500000 
1.799713

0.770000	0.850000 
1.799713

0.620000	0.350000 
1.799713

0.310000	0.250000 
1.799713

0.610000	0.350000 
1.799713

0.590000	0.350000 
1.799713

0.590000	0.950000 
1.799713

1.060000	0.100000 
0.000000

0.290000	0.800000 
1.799713

0.090000	0.250000 
1.799713

0.580000	0.350000 
1.799713

0.610000	0.500000 
1.799713

0.700000	0.700000 
1.799713

0.850000	0.350000 
1.799713

0.620000	0.350000 
1.799713

0.630000	0.250000 
1.799713

0.680000	0.750000 
1.799713

0.390000	0.350000 
1.799713

0.840000	0.700000 
1.799713

0.870000	0.350000 
1.799713

0.300000	0.850000 
1.799713

0.600000	0.400000 
1.799713

0.250000	0.450000 
1.799713

0.550000	0.350000 
1.799713

0.380000	0.500000 
1.799713

0.370000	0.400000 
1.799713

0.610000	0.650000 
1.799713

0.620000	0.350000 
1.799713

0.890000	0.900000 
1.799713

0.880000	0.150000 
1.799713

0.640000	0.350000 
1.799713

0.930000	0.150000 
1.799713

0.810000	0.950000 
1.799713

0.290000	0.850000 
1.799713

0.700000	0.700000 
1.799713

0.690000	0.700000 
1.799713

0.660000	0.350000 
1.799713

0.350000	0.100000 
1.799713

0.690000	0.750000 
1.799713

0.600000	0.300000 
1.799713

0.890000	0.900000 
1.799713

0.810000	0.850000 
1.799713

0.120000	0.250000 
1.799713

0.660000	0.650000 
1.799713

0.840000	0.350000 
1.799713

0.300000	0.750000 
1.799713

0.740000	1.050000 
0.000000

0.140000	0.550000 
1.799713

0.680000	0.750000 
1.799713

0.610000	0.650000 
1.799713

0.430000	0.900000 
1.799713

1.040000	0.150000 
0.000000

0.320000	0.800000 
1.799713

0.610000	0.400000 
1.799713

0.620000	0.350000 
1.799713

0.640000	0.350000 
1.799713

0.310000	0.750000 
1.799713

0.560000	0.350000 
1.799713

0.630000	0.700000 
1.799713

0.390000	0.750000 
1.799713

0.880000	0.900000 
1.799713

0.290000	0.800000 
1.799713

0.890000	1.050000 
0.000000

0.200000	0.600000 
1.799713

0.310000	0.750000 
1.799713

0.310000	0.750000 
1.799713

0.750000	0.750000 
1.799713

0.620000	0.500000 
1.799713

0.670000	0.800000 
1.799713

0.610000	0.900000 
1.799713

0.620000	0.450000 
1.799713

0.690000	0.650000 
1.799713

0.590000	0.400000 
1.799713

0.450000	0.850000 
1.799713

0.610000	0.650000 
1.799713

0.610000	0.650000 
1.799713

0.210000	0.600000 
1.799713

0.600000	0.650000 
1.799713

0.690000	0.700000 
1.799713

0.620000	0.400000 
1.799713

0.620000	0.650000 
1.799713

0.880000	0.900000 
1.799713

0.810000	0.400000 
1.799713

0.340000	0.800000 
1.799713

0.630000	0.700000 
1.799713

0.610000	0.650000 
1.799713

0.660000	0.600000 
1.799713

0.620000	0.400000 
1.799713

0.170000	0.700000 
1.799713

0.660000	0.650000 
1.799713

0.670000	0.350000 
1.799713

0.610000	0.850000 
1.799713

0.650000	0.350000 
1.799713

0.880000	0.900000 
1.799713

0.880000	1.000000 
0.000000

0.620000	0.500000 
1.799713

0.810000	0.400000 
1.799713

0.610000	0.650000 
1.799713

0.880000	0.900000 
1.799713

0.630000	0.700000 
1.799713

0.610000	0.700000 
1.799713

0.590000	0.350000 
1.799713

0.710000	0.700000 
1.799713

0.230000	0.750000 
1.799713

0.610000	0.650000 
1.799713

0.610000	0.650000 
1.799713

0.710000	0.600000 
1.799713

0.250000	0.850000 
1.799713

0.610000	0.800000 
1.799713

0.620000	0.450000 
1.799713

0.710000	0.650000 
1.799713

0.600000	0.650000 
1.799713

0.200000	0.600000 
1.799713

0.320000	0.750000 
1.799713

0.680000	0.550000 
1.799713

0.810000	0.800000 
1.799713

0.580000	0.700000 
1.799713

0.800000	0.750000 
1.799713

0.670000	0.350000 
1.799713

0.880000	0.900000 
1.799713

0.730000	0.700000 
1.799713

0.090000	0.600000 
1.799713

0.620000	0.650000 
1.799713

0.590000	0.400000 
1.799713

0.620000	0.450000 
1.799713

0.620000	0.450000 
1.799713

0.590000	0.700000 
1.799713

0.730000	0.700000 
1.799713

0.740000	0.650000 
1.799713

0.800000	0.450000 
1.799713

0.700000	0.500000 
1.799713

0.350000	0.750000 
1.799713

0.830000	0.750000 
1.799713

0.550000	0.700000 
1.799713

0.770000	0.600000 
1.799713

0.560000	0.650000 
1.799713

0.880000	0.900000 
1.799713

0.880000	0.900000 
1.799713

0.620000	0.450000 
1.799713

0.010000	0.400000 
1.799713

0.640000	0.750000 
1.799713

0.140000	0.550000 
1.799713

0.020000	0.900000 
1.799713

0.970000	0.650000 
1.799713

0.710000	0.700000 
1.799713

0.800000	0.750000 
1.799713

0.610000	0.800000 
1.799713

0.810000	0.400000 
1.799713

0.230000	0.750000 
1.799713

0.250000	0.850000 
1.799713

0.710000	0.650000 
1.799713

0.900000	0.950000 
1.799713

0.590000	0.400000 
1.799713

0.630000	0.750000 
1.799713

0.600000	0.000000 
0.000000

0.010000	0.850000 
1.799713

0.060000	0.300000 
1.799713

0.120000	0.550000 
1.799713

0.380000	0.550000 
1.799713

0.750000	0.100000 
1.799713

0.030000	0.200000 
1.799713

0.490000	0.700000 
1.799713

0.290000	0.550000 
1.799713

0.670000	0.850000 
1.799713

0.730000	0.500000 
1.799713

0.890000	0.400000 
1.799713

0.900000	0.100000 
1.799713

0.320000	0.150000 
1.799713

0.030000	1.000000 
0.000000

0.860000	1.000000 
0.000000

0.850000	0.600000 
1.799713

0.650000	0.300000 
1.799713

0.920000	0.450000 
1.799713

0.170000	0.750000 
1.799713

0.160000	0.150000 
1.799713

0.840000	0.650000 
1.799713

0.290000	0.050000 
1.799713

0.770000	1.000000 
0.000000

0.530000	0.600000 
1.799713

0.140000	0.200000 
1.799713

0.890000	0.050000 
1.799713

0.870000	0.000000 
0.000000

0.720000	0.500000 
1.799713

0.680000	0.100000 
1.799713

0.690000	0.100000 
1.799713

0.890000	0.100000 
1.799713

0.220000	0.050000 
1.799713

0.560000	0.900000 
1.799713

1.100000	0.400000 
0.000000

0.060000	0.600000 
1.799713

0.670000	0.300000 
1.799713

0.370000	0.550000 
1.799713

0.170000	0.250000 
1.799713

0.640000	0.150000 
1.799713

0.020000	0.900000 
1.799713

0.210000	0.750000 
1.799713

0.650000	0.650000 
1.799713

0.980000	0.050000 
1.799713

0.080000	0.150000 
1.799713

0.230000	0.100000 
1.799713

0.730000	0.450000 
1.799713

0.890000	0.050000 
1.799713

0.060000	0.300000 
1.799713

0.030000	0.200000 
1.799713

0.380000	0.450000 
1.799713

0.600000	0.200000 
1.799713

0.490000	0.700000 
1.799713

0.380000	0.550000 
1.799713

0.180000	0.100000 
1.799713

0.010000	0.200000 
1.799713

0.880000	0.050000 
1.799713

0.330000	0.150000 
1.799713

0.330000	0.000000 
0.000000

0.100000	0.250000 
1.799713

0.200000	0.750000 
1.799713

0.670000	0.300000 
1.799713

0.050000	0.500000 
1.799713

0.780000	0.100000 
1.799713

1.000000	0.100000 
0.000000

0.860000	0.100000 
1.799713

0.590000	0.200000 
1.799713

0.180000	0.100000 
1.799713

0.020000	0.150000 
1.799713

0.850000	0.100000 
1.799713

0.610000	0.600000 
1.799713

0.120000	0.200000 
1.799713

0.010000	1.000000 
0.000000

0.010000	0.050000 
1.799713

0.060000	0.800000 
1.799713

0.550000	0.300000 
1.799713

0.190000	1.050000 
0.000000

0.470000	0.050000 
1.799713

0.100000	0.500000 
1.799713

0.020000	0.250000 
1.799713

0.620000	0.650000 
1.799713

0.420000	0.550000 
1.799713

0.300000	0.200000 
1.799713

0.900000	0.250000 
1.799713

0.200000	0.050000 
1.799713

0.400000	0.700000 
1.799713

0.990000	0.000000 
0.000000

0.530000	0.200000 
1.799713

0.140000	0.700000 
1.799713

0.310000	0.050000 
1.799713

0.090000	0.150000 
1.799713

0.530000	0.550000 
1.799713

0.810000	0.200000 
1.799713

0.660000	0.500000 
1.799713

0.610000	0.600000 
1.799713

0.100000	0.500000 
1.799713

0.270000	0.050000 
1.799713

0.390000	0.050000 
1.799713

0.110000	0.500000 
1.799713

0.070000	0.600000 
1.799713

0.310000	0.650000 
1.799713

0.600000	0.200000 
1.799713

0.140000	0.100000 
1.799713

0.030000	0.600000 
1.799713

0.430000	0.650000 
1.799713

0.300000	0.100000 
1.799713

0.730000	0.250000 
1.799713

0.130000	0.600000 
1.799713

0.350000	0.600000 
1.799713

0.030000	0.250000 
1.799713

0.060000	0.550000 
1.799713

0.140000	0.750000 
1.799713

0.450000	0.250000 
1.799713

0.130000	0.450000 
1.799713

0.860000	0.000000 
0.000000

0.590000	0.400000 
1.799713

0.420000	0.550000 
1.799713

0.420000	0.550000 
1.799713

0.100000	0.150000 
1.799713

0.390000	0.600000 
1.799713

0.430000	0.550000 
1.799713

0.100000	0.500000 
1.799713

0.120000	0.200000 
1.799713

0.390000	0.550000 
1.799713

0.780000	0.600000 
1.799713

0.800000	0.200000 
1.799713

0.030000	0.600000 
1.799713

0.010000	0.600000 
1.799713

0.540000	0.550000 
1.799713

0.610000	0.600000 
1.799713

0.150000	0.600000 
1.799713

0.230000	0.750000 
1.799713

0.140000	0.750000 
1.799713

0.140000	0.750000 
1.799713

0.920000	0.100000 
1.799713

0.240000	0.750000 
1.799713

0.450000	0.300000 
1.799713

0.420000	0.550000 
1.799713

0.350000	0.600000 
1.799713

0.430000	0.650000 
1.799713

0.300000	0.400000 
1.799713

0.420000	0.300000 
1.799713

0.050000	0.550000 
1.799713

0.010000	0.300000 
1.799713

0.110000	0.150000 
1.799713

0.260000	0.000000 
0.000000

0.640000	0.500000 
1.799713

0.520000	0.400000 
1.799713

0.400000	0.550000 
1.799713

0.120000	0.200000 
1.799713

0.020000	0.300000 
1.799713

0.220000	0.750000 
1.799713

0.300000	0.400000 
1.799713

0.710000	0.200000 
1.799713

0.400000	0.550000 
1.799713

0.030000	0.600000 
1.799713

0.430000	0.300000 
1.799713

0.040000	0.500000 
1.799713

0.380000	0.550000 
1.799713

0.800000	0.200000 
1.799713

0.240000	0.800000 
1.799713

0.110000	0.150000 
1.799713

0.420000	0.300000 
1.799713

0.420000	0.550000 
1.799713

0.430000	0.550000 
1.799713

0.780000	0.600000 
1.799713

0.360000	0.600000 
1.799713

0.710000	0.350000 
1.799713

0.160000	0.450000 
1.799713

0.390000	0.300000 
1.799713

0.730000	0.300000 
1.799713

0.500000	0.500000 
1.799713

0.430000	0.650000 
1.799713

0.430000	0.650000 
1.799713

0.900000	0.100000 
1.799713

0.520000	0.400000 
1.799713

0.540000	0.550000 
1.799713

0.540000	0.550000 
1.799713

0.280000	0.850000 
1.799713

0.430000	0.300000 
1.799713

0.730000	0.150000 
1.799713

0.340000	0.650000 
1.799713

0.460000	0.200000 
1.799713

0.210000	0.900000 
1.799713

0.770000	0.600000 
1.799713

0.860000	0.350000 
1.799713

0.100000	0.100000 
1.799713

0.160000	0.500000 
1.799713

0.060000	0.500000 
1.799713

0.050000	0.600000 
1.799713

0.270000	0.500000 
1.799713

0.250000	0.600000 
1.799713

0.890000	0.100000 
1.799713

0.120000	0.150000 
1.799713

0.730000	0.600000 
1.799713

0.340000	0.400000 
1.799713

0.700000	0.950000 
1.799713

0.550000	0.550000 
1.799713

0.060000	0.550000 
1.799713

0.870000	0.100000 
1.799713

0.420000	0.550000 
1.799713

0.120000	0.150000 
1.799713

0.660000	0.250000 
1.799713

0.220000	0.800000 
1.799713

0.530000	0.350000 
1.799713

0.520000	0.200000 
1.799713

0.480000	0.900000 
1.799713

0.630000	0.500000 
1.799713

0.460000	0.500000 
1.799713

0.630000	0.350000 
1.799713

0.760000	0.400000 
1.799713

0.050000	0.500000 
1.799713

0.740000	0.550000 
1.799713

0.880000	0.100000 
1.799713

0.140000	0.150000 
1.799713

0.860000	0.100000 
1.799713

0.800000	0.400000 
1.799713

0.400000	0.600000 
1.799713

0.730000	0.600000 
1.799713

0.730000	0.600000 
1.799713

0.760000	0.600000 
1.799713

0.430000	0.500000 
1.799713

0.020000	0.300000 
1.799713

0.100000	0.100000 
1.799713

0.130000	0.150000 
1.799713

0.060000	0.500000 
1.799713

0.730000	0.600000 
1.799713

0.770000	0.600000 
1.799713

1.100000	0.250000 
0.000000

0.220000	0.600000 
1.799713

0.390000	0.500000 
1.799713

0.520000	0.500000 
1.799713

0.730000	0.150000 
1.799713

0.160000	0.500000 
1.799713

0.130000	0.750000 
1.799713

0.780000	0.100000 
1.799713

0.650000	0.550000 
1.799713

0.250000	0.500000 
1.799713

0.310000	0.500000 
1.799713

0.430000	0.500000 
1.799713

1.200000	0.700000 
0.000000

0.030000	0.400000 
1.799713

0.410000	0.500000 
1.799713

0.170000	0.200000 
1.799713

0.730000	0.600000 
1.799713

0.730000	0.600000 
1.799713

0.330000	0.550000 
1.799713

0.810000	0.350000 
1.799713

0.150000	0.150000 
1.799713

0.760000	0.600000 
1.799713

0.360000	0.600000 
1.799713

0.840000	0.050000 
1.799713

0.060000	0.300000 
1.799713

0.390000	0.850000 
1.799713

0.260000	0.100000 
1.799713

0.620000	0.100000 
1.799713

0.200000	0.550000 
1.799713

0.480000	0.550000 
1.799713

0.550000	0.500000 
1.799713

0.630000	0.500000 
1.799713

0.800000	0.400000 
1.799713

0.740000	0.600000 
1.799713

0.560000	0.250000 
1.799713

0.230000	0.500000 
1.799713

0.200000	0.500000 
1.799713

0.710000	0.550000 
1.799713

1.090000	0.000000 
0.000000

0.420000	0.650000 
1.799713

0.630000	0.500000 
1.799713

0.120000	0.150000 
1.799713

0.360000	0.600000 
1.799713

0.200000	0.500000 
1.799713

0.650000	0.500000 
1.799713

0.380000	0.500000 
1.799713

0.200000	0.500000 
1.799713

0.620000	0.500000 
1.799713

0.820000	0.400000 
1.799713

0.460000	0.550000 
1.799713

0.690000	0.200000 
1.799713

0.170000	0.350000 
1.799713

0.820000	0.600000 
1.799713

0.740000	0.600000 
1.799713

0.750000	0.400000 
1.799713

0.370000	0.600000 
1.799713

0.020000	0.500000 
1.799713

0.400000	0.600000 
1.799713

0.460000	0.600000 
1.799713

0.650000	0.050000 
1.799713

0.220000	0.500000 
1.799713

0.740000	0.600000 
1.799713

0.490000	0.300000 
1.799713

0.290000	0.450000 
1.799713

0.150000	0.600000 
1.799713

0.390000	0.500000 
1.799713

0.110000	0.150000 
1.799713

0.870000	0.350000 
1.799713

0.010000	0.400000 
1.799713

0.160000	0.500000 
1.799713

0.120000	0.150000 
1.799713

0.150000	0.150000 
1.799713

0.740000	0.000000 
0.000000

0.660000	0.100000 
1.799713

0.350000	0.800000 
1.799713

0.070000	0.250000 
1.799713

0.950000	0.750000 
1.799713

0.540000	0.500000 
1.799713

0.810000	0.150000 
1.799713

0.220000	0.850000 
1.799713

0.080000	0.450000 
1.799713

0.750000	0.150000 
1.799713

0.860000	0.800000 
1.799713

0.360000	0.750000 
1.799713

0.660000	0.600000 
1.799713

0.520000	0.000000 
0.000000

0.220000	0.650000 
1.799713

0.480000	0.100000 
1.799713

0.570000	0.700000 
1.799713

0.320000	0.450000 
1.799713

0.860000	0.050000 
1.799713

0.660000	0.800000 
1.799713

0.680000	0.200000 
1.799713

0.170000	0.100000 
1.799713

0.360000	0.300000 
1.799713

0.100000	0.300000 
1.799713

0.400000	0.100000 
1.799713

0.290000	0.650000 
1.799713

0.770000	0.500000 
1.799713

0.310000	0.800000 
1.799713

0.860000	0.500000 
1.799713

0.910000	0.250000 
1.799713

0.300000	0.650000 
1.799713

0.210000	0.650000 
1.799713

0.630000	0.250000 
1.799713

0.440000	0.400000 
1.799713

0.110000	0.450000 
1.799713

0.080000	0.450000 
1.799713

0.290000	0.650000 
1.799713

0.290000	0.650000 
1.799713

0.860000	0.500000 
1.799713

0.070000	0.250000 
1.799713

1.060000	0.750000 
0.000000

0.200000	0.800000 
1.799713

0.350000	0.350000 
1.799713

0.330000	0.400000 
1.799713

0.060000	0.550000 
1.799713

0.190000	0.000000 
0.000000

0.010000	0.350000 
1.799713

1.170000	0.950000 
0.000000

0.350000	0.800000 
1.799713

0.180000	0.750000 
1.799713

0.530000	0.450000 
1.799713

0.570000	0.750000 
1.799713

0.360000	0.800000 
1.799713

0.740000	0.900000 
1.799713

0.660000	0.300000 
1.799713

0.360000	0.700000 
1.799713

0.440000	0.100000 
1.799713

0.870000	0.200000 
1.799713

0.080000	0.450000 
1.799713

0.220000	0.850000 
1.799713

0.460000	0.850000 
1.799713

0.070000	0.700000 
1.799713

0.350000	0.400000 
1.799713

0.090000	0.450000 
1.799713

0.420000	0.350000 
1.799713

0.560000	0.500000 
1.799713

0.130000	0.000000 
0.000000

0.240000	0.300000 
1.799713

0.070000	0.650000 
1.799713

0.580000	0.050000 
1.799713

0.220000	0.650000 
1.799713

0.950000	0.100000 
1.799713

0.600000	0.700000 
1.799713

0.850000	0.250000 
1.799713

0.540000	0.500000 
1.799713

0.430000	0.050000 
1.799713

0.370000	0.800000 
1.799713

0.200000	0.850000 
1.799713

0.110000	0.450000 
1.799713

0.250000	0.450000 
1.799713

0.460000	0.150000 
1.799713

0.710000	0.850000 
1.799713

0.070000	0.250000 
1.799713

0.080000	0.450000 
1.799713

0.570000	0.750000 
1.799713

0.800000	0.100000 
1.799713

0.270000	0.600000 
1.799713

0.100000	0.850000 
1.799713

0.290000	0.650000 
1.799713

0.290000	0.650000 
1.799713

0.620000	0.650000 
1.799713

0.520000	0.400000 
1.799713

0.450000	0.800000 
1.799713

0.430000	0.100000 
1.799713

0.100000	0.900000 
1.799713

0.090000	0.450000 
1.799713

0.120000	0.500000 
1.799713

0.200000	0.650000 
1.799713

0.250000	0.950000 
1.799713

0.730000	0.750000 
1.799713

0.070000	0.700000 
1.799713

0.240000	0.300000 
1.799713

0.860000	0.250000 
1.799713

0.200000	0.650000 
1.799713

0.800000	0.100000 
1.799713

0.850000	0.300000 
1.799713

0.410000	0.100000 
1.799713

0.260000	0.450000 
1.799713

0.860000	0.850000 
1.799713

0.070000	0.700000 
1.799713

0.140000	0.650000 
1.799713

0.630000	0.450000 
1.799713

0.240000	0.300000 
1.799713

0.220000	0.650000 
1.799713

0.500000	0.850000 
1.799713

0.120000	0.600000 
1.799713

0.510000	1.000000 
0.000000

0.280000	1.850000 
0.000000

0.140000	0.450000 
1.799713

0.500000	0.500000 
1.799713

0.100000	0.650000 
1.799713

0.230000	0.500000 
1.799713

0.820000	0.750000 
1.799713

0.130000	1.300000 
0.000000

0.160000	0.300000 
1.799713

0.950000	0.250000 
1.799713

0.640000	0.450000 
1.799713

0.850000	0.250000 
1.799713

0.070000	0.700000 
1.799713

0.070000	0.450000 
1.799713

1.310000	0.400000 
0.000000

0.310000	1.150000 
0.000000

0.250000	1.050000 
0.000000

0.240000	0.250000 
1.799713

0.440000	0.150000 
1.799713

1.040000	1.150000 
0.000000

0.530000	0.400000 
1.799713

0.260000	0.450000 
1.799713

0.100000	0.500000 
1.799713

0.820000	0.050000 
1.799713

0.110000	0.500000 
1.799713

0.200000	0.600000 
1.799713

0.200000	0.650000 
1.799713

0.250000	0.900000 
1.799713

0.610000	0.850000 
1.799713

0.630000	0.250000 
1.799713

0.120000	0.900000 
1.799713

0.480000	0.850000 
1.799713

0.470000	0.800000 
1.799713

0.720000	0.750000 
1.799713

0.660000	0.700000 
1.799713

0.210000	0.350000 
1.799713

0.140000	1.500000 
0.000000

1.200000	0.500000 
0.000000

0.080000	0.450000 
1.799713

0.770000	1.050000 
0.000000

0.620000	0.500000 
1.799713

0.500000	0.800000 
1.799713

0.010000	0.650000 
1.799713

0.070000	0.450000 
1.799713

0.180000	0.800000 
1.799713

0.550000	0.350000 
1.799713

0.790000	0.450000 
1.799713

0.110000	0.450000 
1.799713

1.690000	0.050000 
0.000000

0.480000	0.650000 
1.799713

0.610000	0.850000 
1.799713

0.110000	0.500000 
1.799713

0.130000	0.850000 
1.799713

0.840000	0.300000 
1.799713

0.230000	0.450000 
1.799713

0.240000	0.250000 
1.799713

0.630000	0.500000 
1.799713

0.460000	0.700000 
1.799713

0.470000	0.150000 
1.799713

0.790000	0.050000 
1.799713

0.170000	0.650000 
1.799713

0.490000	0.850000 
1.799713

0.100000	0.450000 
1.799713

0.110000	0.700000 
1.799713

0.020000	0.400000 
1.799713

0.580000	0.900000 
1.799713

0.100000	0.800000 
1.799713

0.870000	0.250000 
1.799713

0.140000	0.350000 
1.799713

0.170000	0.800000 
1.799713

0.500000	0.800000 
1.799713

0.500000	0.800000 
1.799713

0.180000	0.650000 
1.799713

0.500000	0.800000 
1.799713

0.230000	0.300000 
1.799713

0.110000	0.700000 
1.799713

0.840000	0.300000 
1.799713

0.660000	0.700000 
1.799713

0.170000	0.650000 
1.799713

0.110000	0.700000 
1.799713

0.090000	0.900000 
1.799713

0.160000	0.250000 
1.799713

0.310000	0.350000 
1.799713

0.540000	0.750000 
1.799713

0.540000	0.350000 
1.799713

0.070000	0.450000 
1.799713

0.910000	0.250000 
1.799713

0.110000	0.700000 
1.799713

0.680000	0.100000 
1.799713

0.220000	0.350000 
1.799713

0.180000	0.800000 
1.799713

0.180000	0.800000 
1.799713

0.640000	0.750000 
1.799713

0.860000	0.250000 
1.799713

0.120000	0.700000 
1.799713

0.100000	0.700000 
1.799713

0.500000	0.800000 
1.799713

0.680000	0.100000 
1.799713

0.430000	0.500000 
1.799713

0.590000	0.400000 
1.799713

0.500000	0.800000 
1.799713

0.110000	0.700000 
1.799713

0.480000	0.800000 
1.799713

0.600000	0.950000 
1.799713

0.910000	0.100000 
1.799713

0.050000	0.750000 
1.799713

0.310000	0.400000 
1.799713

0.090000	0.900000 
1.799713

0.210000	0.600000 
1.799713

0.070000	0.750000 
1.799713

0.400000	0.300000 
1.799713

0.490000	0.850000 
1.799713

0.100000	0.800000 
1.799713

0.580000	0.900000 
1.799713

0.220000	0.400000 
1.799713

0.200000	0.650000 
1.799713

0.200000	0.250000 
1.799713

0.570000	0.750000 
1.799713

0.540000	0.350000 
1.799713

0.540000	0.700000 
1.799713

0.630000	0.750000 
1.799713

0.510000	0.800000 
1.799713

0.230000	0.300000 
1.799713

0.870000	0.250000 
1.799713

0.120000	0.650000 
1.799713

0.530000	0.400000 
1.799713

0.200000	0.450000 
1.799713

0.200000	0.300000 
1.799713

0.480000	0.800000 
1.799713

0.130000	0.300000 
1.799713

0.630000	0.750000 
1.799713

0.510000	0.800000 
1.799713

0.060000	0.750000 
1.799713

0.260000	0.350000 
1.799713

0.170000	0.750000 
1.799713

0.630000	0.800000 
1.799713

0.390000	1.200000 
0.000000

1.420000	0.650000 
0.000000

0.580000	0.900000 
1.799713

0.580000	0.900000 
1.799713

0.410000	0.850000 
1.799713

0.180000	0.700000 
1.799713

0.050000	0.900000 
1.799713

0.360000	0.050000 
1.799713

0.670000	0.200000 
1.799713

0.590000	0.700000 
1.799713

0.230000	0.300000 
1.799713

0.580000	0.950000 
1.799713

0.900000	0.100000 
1.799713

0.220000	0.600000 
1.799713

0.910000	0.100000 
1.799713

0.230000	0.300000 
1.799713

0.230000	0.650000 
1.799713

0.600000	0.750000 
1.799713

0.190000	0.450000 
1.799713

0.140000	0.350000 
1.799713

0.400000	0.800000 
1.799713

0.210000	0.350000 
1.799713

0.600000	0.650000 
1.799713

0.050000	0.750000 
1.799713

0.600000	0.750000 
1.799713

0.480000	0.800000 
1.799713

0.270000	0.650000 
1.799713

0.990000	0.800000 
1.799713

0.060000	0.750000 
1.799713

0.490000	0.800000 
1.799713

0.320000	0.450000 
1.799713

0.450000	1.300000 
0.000000

0.160000	0.500000 
1.799713

0.560000	0.350000 
1.799713

0.200000	0.450000 
1.799713

0.220000	0.300000 
1.799713

0.050000	0.750000 
1.799713

0.620000	0.500000 
1.799713

0.220000	0.600000 
1.799713

0.220000	0.600000 
1.799713

0.580000	0.350000 
1.799713

0.160000	0.650000 
1.799713

0.170000	0.750000 
1.799713

0.630000	0.750000 
1.799713

0.590000	0.900000 
1.799713

0.630000	0.850000 
1.799713

0.450000	0.750000 
1.799713

0.470000	0.750000 
1.799713

0.140000	0.600000 
1.799713

0.710000	0.100000 
1.799713

0.610000	0.500000 
1.799713

0.630000	0.350000 
1.799713

0.670000	0.850000 
1.799713

0.850000	0.600000 
1.799713

0.380000	0.250000 
1.799713

0.810000	0.300000 
1.799713

0.610000	0.650000 
1.799713

0.860000	0.600000 
1.799713

0.250000	0.350000 
1.799713

0.280000	0.500000 
1.799713

0.510000	0.850000 
1.799713

0.210000	0.900000 
1.799713

0.860000	0.850000 
1.799713

0.730000	0.750000 
1.799713

0.540000	0.350000 
1.799713

0.390000	0.650000 
1.799713

0.840000	0.900000 
1.799713

0.510000	0.300000 
1.799713

0.900000	0.450000 
1.799713

0.890000	0.350000 
1.799713

0.590000	0.500000 
1.799713

0.810000	0.800000 
1.799713

0.870000	0.250000 
1.799713

0.740000	0.050000 
1.799713

0.550000	1.000000 
0.000000

0.370000	0.800000 
1.799713

0.980000	0.450000 
1.799713

0.480000	0.300000 
1.799713

0.840000	0.900000 
1.799713

0.390000	0.650000 
1.799713

0.820000	0.800000 
1.799713

0.890000	0.450000 
1.799713

0.220000	0.900000 
1.799713

1.140000	0.350000 
0.000000

0.360000	0.300000 
1.799713

0.820000	0.800000 
1.799713

0.110000	1.200000 
0.000000

1.130000	0.050000 
0.000000

0.540000	0.850000 
1.799713

0.700000	0.750000 
1.799713

0.710000	0.100000 
1.799713

0.850000	0.600000 
1.799713

0.420000	0.800000 
1.799713

0.640000	0.700000 
1.799713

0.390000	0.650000 
1.799713

0.280000	0.500000 
1.799713

0.850000	0.600000 
1.799713

0.900000	0.350000 
1.799713

1.210000	1.350000 
0.000000

0.260000	0.000000 
0.000000

0.390000	0.650000 
1.799713

0.210000	0.900000 
1.799713

0.460000	0.250000 
1.799713

0.830000	0.850000 
1.799713

0.430000	0.850000 
1.799713

0.290000	0.900000 
1.799713

0.630000	0.350000 
1.799713

0.080000	0.500000 
1.799713

0.540000	0.550000 
1.799713

0.320000	0.400000 
1.799713

0.850000	0.600000 
1.799713

0.850000	0.600000 
1.799713

0.160000	0.950000 
1.799713

1.200000	0.250000 
0.000000

0.360000	0.650000 
1.799713

0.660000	0.700000 
1.799713

0.340000	0.100000 
1.799713

0.940000	0.300000 
1.799713

0.890000	0.400000 
1.799713

0.850000	0.550000 
1.799713

0.410000	0.600000 
1.799713

0.190000	0.950000 
1.799713

0.280000	0.850000 
1.799713

0.820000	0.100000 
1.799713

0.410000	0.750000 
1.799713

0.400000	0.700000 
1.799713

0.480000	0.300000 
1.799713

0.680000	0.750000 
1.799713

0.850000	0.600000 
1.799713

0.850000	0.600000 
1.799713

0.970000	0.650000 
1.799713

0.540000	0.850000 
1.799713

0.280000	0.500000 
1.799713

0.640000	0.700000 
1.799713

0.630000	0.350000 
1.799713

0.630000	0.350000 
1.799713

0.740000	1.100000 
0.000000

0.970000	0.150000 
1.799713

0.180000	0.000000 
0.000000

1.050000	0.450000 
0.000000

0.570000	0.800000 
1.799713

0.600000	0.750000 
1.799713

0.920000	0.850000 
1.799713

0.170000	0.400000 
1.799713

0.340000	0.700000 
1.799713

0.870000	0.200000 
1.799713

0.850000	0.600000 
1.799713

0.850000	0.600000 
1.799713

0.950000	0.650000 
1.799713

0.010000	0.200000 
1.799713

0.240000	0.500000 
1.799713

0.890000	0.600000 
1.799713

0.300000	0.550000 
1.799713

0.390000	0.700000 
1.799713

0.730000	0.800000 
1.799713

0.290000	0.000000 
0.000000

0.350000	0.150000 
1.799713

0.380000	0.600000 
1.799713

0.340000	0.050000 
1.799713

0.360000	0.700000 
1.799713

0.640000	0.850000 
1.799713

0.850000	0.550000 
1.799713

0.550000	0.600000 
1.799713

0.930000	0.200000 
1.799713

0.670000	0.100000 
1.799713

0.860000	0.550000 
1.799713

0.540000	0.850000 
1.799713

0.540000	0.850000 
1.799713

0.320000	0.400000 
1.799713

0.010000	0.200000 
1.799713

0.090000	0.150000 
1.799713

0.640000	0.650000 
1.799713

0.320000	0.850000 
1.799713

0.860000	0.800000 
1.799713

0.940000	0.650000 
1.799713

0.870000	0.600000 
1.799713

0.920000	0.200000 
1.799713

0.550000	0.600000 
1.799713

0.620000	0.500000 
1.799713

0.240000	0.300000 
1.799713

0.900000	0.200000 
1.799713

0.690000	0.100000 
1.799713

0.530000	0.850000 
1.799713

0.610000	0.700000 
1.799713

0.580000	0.600000 
1.799713

0.830000	0.600000 
1.799713

0.160000	0.450000 
1.799713

0.350000	0.000000 
0.000000

0.620000	0.550000 
1.799713

0.590000	0.700000 
1.799713

0.880000	0.600000 
1.799713

0.360000	0.700000 
1.799713

0.040000	0.600000 
1.799713

0.340000	0.700000 
1.799713

0.270000	0.400000 
1.799713

0.340000	0.000000 
0.000000

0.650000	0.850000 
1.799713

0.530000	0.850000 
1.799713

0.340000	0.700000 
1.799713

0.640000	0.550000 
1.799713

0.880000	0.600000 
1.799713

0.530000	0.850000 
1.799713

0.900000	0.200000 
1.799713

0.940000	0.600000 
1.799713

0.610000	0.750000 
1.799713

0.650000	0.850000 
1.799713

0.310000	0.850000 
1.799713

0.690000	0.100000 
1.799713

0.080000	0.400000 
1.799713

0.690000	0.800000 
1.799713

0.920000	0.550000 
1.799713

0.480000	0.900000 
1.799713

0.260000	0.350000 
1.799713

0.610000	0.100000 
1.799713

0.350000	0.400000 
1.799713

0.850000	0.550000 
1.799713

0.240000	0.150000 
1.799713

0.140000	0.400000 
1.799713

0.420000	0.450000 
1.799713

0.840000	0.600000 
1.799713

0.630000	0.650000 
1.799713

0.530000	0.850000 
1.799713

0.130000	0.300000 
1.799713

0.810000	0.550000 
1.799713

0.600000	0.750000 
1.799713

0.880000	0.600000 
1.799713

0.890000	0.500000 
1.799713

0.920000	0.250000 
1.799713

0.100000	0.450000 
1.799713

0.300000	0.300000 
1.799713

0.340000	0.750000 
1.799713

0.320000	0.350000 
1.799713

0.300000	0.350000 
1.799713

0.680000	0.700000 
1.799713

0.310000	0.850000 
1.799713

0.840000	0.600000 
1.799713

0.750000	0.550000 
1.799713

0.420000	0.400000 
1.799713

0.650000	0.850000 
1.799713

0.630000	0.650000 
1.799713

1.110000	0.450000 
0.000000

0.090000	0.950000 
1.799713

0.420000	0.450000 
1.799713

0.650000	0.850000 
1.799713

0.820000	0.850000 
1.799713

0.670000	0.700000 
1.799713

0.900000	0.850000 
1.799713

0.920000	0.550000 
1.799713

0.560000	0.150000 
1.799713

0.210000	0.300000 
1.799713

0.530000	0.850000 
1.799713

0.880000	0.600000 
1.799713

1.010000	0.150000 
0.000000

0.020000	0.350000 
1.799713

0.690000	0.050000 
1.799713

0.890000	0.600000 
1.799713

0.530000	0.850000 
1.799713

0.900000	0.200000 
1.799713

0.050000	1.200000 
0.000000

0.550000	0.200000 
1.799713

0.840000	0.500000 
1.799713

0.610000	0.200000 
1.799713

0.300000	0.400000 
1.799713

0.420000	0.400000 
1.799713

0.530000	0.850000 
1.799713

0.530000	0.550000 
1.799713

0.640000	0.850000 
1.799713

0.360000	0.600000 
1.799713

0.330000	0.350000 
1.799713

0.410000	0.400000 
1.799713

0.770000	0.750000 
1.799713

0.160000	0.150000 
1.799713

0.680000	0.700000 
1.799713

0.330000	0.750000 
1.799713

0.470000	0.500000 
1.799713

0.580000	0.600000 
1.799713

0.690000	0.050000 
1.799713

0.690000	0.050000 
1.799713

0.970000	0.350000 
1.799713

0.100000	1.000000 
0.000000

0.120000	0.950000 
1.799713

0.610000	0.850000 
1.799713

0.640000	0.850000 
1.799713

0.540000	0.850000 
1.799713

0.440000	0.500000 
1.799713

0.510000	0.750000 
1.799713

0.420000	0.400000 
1.799713

0.760000	0.550000 
1.799713

0.530000	0.550000 
1.799713

0.610000	0.200000 
1.799713

0.760000	0.550000 
1.799713

0.680000	0.700000 
1.799713

0.190000	0.700000 
1.799713

0.920000	0.250000 
1.799713

0.040000	0.050000 
1.799713

0.800000	0.800000 
1.799713

0.420000	0.150000 
1.799713

0.470000	0.500000 
1.799713

0.150000	0.250000 
1.799713

0.690000	0.650000 
1.799713

0.900000	0.350000 
1.799713

0.490000	0.400000 
1.799713

0.480000	0.500000 
1.799713

0.130000	0.400000 
1.799713

0.800000	0.500000 
1.799713

0.650000	0.250000 
1.799713

0.160000	0.200000 
1.799713

0.100000	0.400000 
1.799713

0.330000	0.750000 
1.799713

0.290000	0.250000 
1.799713

0.660000	0.900000 
1.799713

0.280000	0.300000 
1.799713

0.050000	0.300000 
1.799713

0.690000	0.250000 
1.799713

0.540000	0.800000 
1.799713

0.600000	0.250000 
1.799713

0.650000	0.450000 
1.799713

0.260000	0.400000 
1.799713

0.150000	0.250000 
1.799713

0.160000	0.150000 
1.799713

0.140000	0.400000 
1.799713

0.570000	0.250000 
1.799713

0.780000	0.500000 
1.799713

0.710000	0.650000 
1.799713

0.490000	0.450000 
1.799713

0.600000	0.200000 
1.799713

0.020000	0.450000 
1.799713

0.980000	0.350000 
1.799713

0.530000	0.500000 
1.799713

0.050000	0.300000 
1.799713

0.090000	0.450000 
1.799713

0.300000	0.250000 
1.799713

0.120000	0.450000 
1.799713

0.150000	0.200000 
1.799713

0.810000	0.350000 
1.799713

0.080000	0.300000 
1.799713

0.150000	0.250000 
1.799713

0.110000	0.400000 
1.799713

0.580000	0.150000 
1.799713

0.840000	0.550000 
1.799713

0.460000	0.500000 
1.799713

0.710000	0.250000 
1.799713

0.640000	0.250000 
1.799713

0.050000	0.000000 
0.000000

0.150000	0.250000 
1.799713

0.140000	0.300000 
1.799713

0.770000	0.550000 
1.799713

0.040000	0.100000 
1.799713

0.540000	0.300000 
1.799713

0.930000	0.150000 
1.799713

0.300000	0.850000 
1.799713

0.800000	0.900000 
1.799713

0.540000	0.800000 
1.799713

0.570000	0.900000 
1.799713

0.800000	0.050000 
1.799713

0.600000	0.050000 
1.799713

0.320000	0.750000 
1.799713

0.990000	0.500000 
1.799713

0.750000	0.400000 
1.799713

0.620000	0.900000 
1.799713

0.980000	0.650000 
1.799713

0.540000	0.000000 
0.000000

0.660000	0.800000 
1.799713

0.370000	0.950000 
1.799713

0.870000	0.550000 
1.799713

0.510000	0.300000 
1.799713

0.470000	0.050000 
1.799713

0.110000	0.650000 
1.799713

0.490000	0.900000 
1.799713

0.510000	0.550000 
1.799713

0.620000	0.250000 
1.799713

0.080000	0.050000 
1.799713

0.400000	0.750000 
1.799713

0.740000	0.900000 
1.799713

0.260000	0.200000 
1.799713

0.580000	0.850000 
1.799713

0.160000	0.100000 
1.799713

0.620000	1.000000 
0.000000

0.540000	0.300000 
1.799713

0.980000	0.500000 
1.799713

0.380000	0.750000 
1.799713

0.640000	0.200000 
1.799713

0.540000	0.500000 
1.799713

0.780000	0.100000 
1.799713

0.510000	0.550000 
1.799713

0.400000	0.200000 
1.799713

0.740000	0.900000 
1.799713

0.930000	0.150000 
1.799713

0.470000	0.000000 
0.000000

0.400000	0.750000 
1.799713

0.120000	0.650000 
1.799713

0.250000	0.200000 
1.799713

0.290000	0.750000 
1.799713

0.890000	0.550000 
1.799713

0.700000	1.500000 
0.000000

1.030000	0.450000 
0.000000

0.170000	0.100000 
1.799713

0.360000	0.950000 
1.799713

0.750000	0.850000 
1.799713

0.920000	0.200000 
1.799713

0.540000	0.800000 
1.799713

0.540000	0.700000 
1.799713

0.370000	0.050000 
1.799713

0.260000	0.050000 
1.799713

0.430000	0.850000 
1.799713

0.590000	0.150000 
1.799713

0.570000	0.500000 
1.799713

0.710000	1.550000 
0.000000

0.290000	0.200000 
1.799713

1.020000	0.200000 
0.000000

0.410000	0.200000 
1.799713

0.530000	0.750000 
1.799713

0.510000	0.550000 
1.799713

0.400000	0.750000 
1.799713

0.540000	0.750000 
1.799713

0.570000	0.850000 
1.799713

0.850000	0.150000 
1.799713

0.320000	0.200000 
1.799713

0.720000	0.050000 
1.799713

0.300000	0.950000 
1.799713

0.120000	0.650000 
1.799713

0.910000	0.200000 
1.799713

0.930000	0.100000 
1.799713

0.750000	0.900000 
1.799713

0.910000	0.550000 
1.799713

0.360000	0.800000 
1.799713

0.530000	0.400000 
1.799713

0.150000	0.550000 
1.799713

0.590000	0.800000 
1.799713

0.110000	0.050000 
1.799713

0.150000	0.600000 
1.799713

0.500000	0.350000 
1.799713

0.540000	0.800000 
1.799713

0.750000	0.850000 
1.799713

0.270000	0.200000 
1.799713

0.570000	0.100000 
1.799713

0.360000	0.650000 
1.799713

0.380000	0.950000 
1.799713

0.380000	0.750000 
1.799713

0.490000	0.850000 
1.799713

0.390000	0.750000 
1.799713

0.700000	0.100000 
1.799713

0.300000	1.100000 
0.000000

1.160000	0.250000 
0.000000

0.770000	0.050000 
1.799713

0.350000	0.850000 
1.799713

0.350000	0.050000 
1.799713

0.580000	1.000000 
0.000000

0.380000	0.950000 
1.799713

0.530000	0.400000 
1.799713

1.480000	4.850000 
0.000000

0.990000	3.900000 
0.000000

0.310000	0.950000 
1.799713

0.110000	0.600000 
1.799713

0.590000	0.800000 
1.799713

0.510000	0.550000 
1.799713

0.370000	0.750000 
1.799713

0.370000	0.650000 
1.799713

0.560000	0.750000 
1.799713

0.490000	0.050000 
1.799713

0.620000	0.650000 
1.799713

0.850000	0.250000 
1.799713

0.530000	0.300000 
1.799713

0.580000	0.750000 
1.799713

0.480000	0.550000 
1.799713

0.400000	0.600000 
1.799713

0.840000	1.050000 
0.000000

0.230000	0.050000 
1.799713

0.530000	0.750000 
1.799713

0.480000	0.800000 
1.799713

0.610000	0.650000 
1.799713

0.590000	0.750000 
1.799713

0.410000	0.150000 
1.799713

0.300000	1.000000 
0.000000

0.410000	0.750000 
1.799713

0.760000	0.000000 
0.000000

0.610000	0.800000 
1.799713

0.490000	0.500000 
1.799713

0.110000	0.600000 
1.799713

0.110000	0.600000 
1.799713

0.540000	0.750000 
1.799713

0.540000	0.750000 
1.799713

0.320000	0.550000 
1.799713

0.620000	0.150000 
1.799713

0.580000	0.750000 
1.799713

0.520000	0.550000 
1.799713

0.540000	0.750000 
1.799713

0.400000	0.750000 
1.799713

0.670000	0.250000 
1.799713

0.610000	0.600000 
1.799713

0.390000	0.800000 
1.799713

0.400000	0.600000 
1.799713

0.550000	0.050000 
1.799713

0.380000	0.650000 
1.799713

0.250000	0.300000 
1.799713

0.570000	0.450000 
1.799713

0.450000	0.500000 
1.799713

0.570000	0.800000 
1.799713

0.580000	0.750000 
1.799713

0.540000	0.750000 
1.799713

0.690000	0.250000 
1.799713

0.330000	0.550000 
1.799713

0.190000	0.600000 
1.799713

0.290000	0.600000 
1.799713

0.030000	0.550000 
1.799713

0.470000	0.800000 
1.799713

0.430000	0.300000 
1.799713

0.650000	0.900000 
1.799713

0.490000	0.800000 
1.799713

0.510000	0.550000 
1.799713

0.390000	0.600000 
1.799713

0.500000	0.450000 
1.799713

0.400000	0.750000 
1.799713

0.400000	0.800000 
1.799713

0.690000	0.200000 
1.799713

0.470000	0.950000 
1.799713

0.680000	0.200000 
1.799713

0.570000	0.800000 
1.799713

0.380000	0.750000 
1.799713

0.640000	0.550000 
1.799713

0.440000	0.400000 
1.799713

0.430000	0.300000 
1.799713

0.450000	0.550000 
1.799713

0.530000	0.750000 
1.799713

0.490000	0.900000 
1.799713

0.530000	0.750000 
1.799713

0.380000	0.650000 
1.799713

0.610000	0.650000 
1.799713

0.470000	0.750000 
1.799713

0.420000	0.750000 
1.799713

0.640000	0.250000 
1.799713

0.480000	0.300000 
1.799713

0.330000	0.350000 
1.799713

0.600000	0.500000 
1.799713

0.430000	0.300000 
1.799713

0.430000	0.300000 
1.799713

0.510000	0.550000 
1.799713

0.430000	0.300000 
1.799713

0.500000	0.500000 
1.799713

0.660000	0.950000 
1.799713

0.610000	1.100000 
0.000000

0.350000	0.450000 
1.799713

0.380000	0.600000 
1.799713

0.450000	0.550000 
1.799713

0.490000	0.900000 
1.799713

0.390000	0.750000 
1.799713

0.350000	0.850000 
1.799713

0.560000	0.500000 
1.799713

0.500000	0.550000 
1.799713

0.310000	0.600000 
1.799713

0.690000	0.200000 
1.799713

0.810000	0.950000 
1.799713

0.200000	0.800000 
1.799713

0.520000	0.750000 
1.799713

0.530000	0.750000 
1.799713

0.490000	0.750000 
1.799713

0.670000	0.300000 
1.799713

0.650000	0.450000 
1.799713

0.510000	0.550000 
1.799713

0.420000	0.750000 
1.799713

0.210000	0.800000 
1.799713

0.490000	0.550000 
1.799713

0.640000	0.250000 
1.799713

0.650000	0.500000 
1.799713

0.580000	0.450000 
1.799713

0.650000	0.350000 
1.799713

0.590000	0.700000 
1.799713

0.630000	0.300000 
1.799713

0.530000	0.550000 
1.799713

0.290000	0.600000 
1.799713

0.520000	0.700000 
1.799713

0.500000	0.600000 
1.799713

0.490000	0.850000 
1.799713

0.430000	0.300000 
1.799713

0.610000	0.450000 
1.799713

0.480000	0.900000 
1.799713

0.350000	0.850000 
1.799713

0.500000	0.750000 
1.799713

0.200000	0.800000 
1.799713

0.640000	0.250000 
1.799713

0.070000	0.400000 
1.799713

1.270000	1.250000 
0.000000

0.530000	0.750000 
1.799713

0.530000	0.750000 
1.799713

0.450000	0.550000 
1.799713

0.520000	1.000000 
0.000000

0.330000	0.350000 
1.799713

0.200000	0.800000 
1.799713

0.500000	0.550000 
1.799713

0.060000	0.400000 
1.799713

0.590000	0.700000 
1.799713

0.530000	0.550000 
1.799713

0.640000	0.250000 
1.799713

0.640000	0.250000 
1.799713

0.880000	0.600000 
1.799713

0.290000	0.650000 
1.799713

0.080000	0.800000 
1.799713

0.710000	0.650000 
1.799713

0.510000	0.550000 
1.799713

0.510000	0.550000 
1.799713

0.550000	0.650000 
1.799713

0.450000	1.000000 
0.000000

0.400000	0.450000 
1.799713

0.430000	0.500000 
1.799713

0.740000	0.350000 
1.799713

0.270000	0.950000 
1.799713

0.330000	0.350000 
1.799713

0.200000	0.800000 
1.799713

0.640000	0.250000 
1.799713

0.640000	0.250000 
1.799713

0.610000	0.500000 
1.799713

0.430000	0.300000 
1.799713

0.420000	0.750000 
1.799713

0.600000	0.450000 
1.799713

0.420000	1.150000 
0.000000

0.700000	0.050000 
1.799713

0.170000	0.800000 
1.799713

0.670000	0.250000 
1.799713

0.530000	0.100000 
1.799713

0.640000	0.250000 
1.799713

0.250000	0.400000 
1.799713

0.270000	0.900000 
1.799713

0.640000	0.250000 
1.799713

0.740000	0.350000 
1.799713

0.460000	0.500000 
1.799713

0.390000	0.050000 
1.799713

0.440000	0.700000 
1.799713

0.490000	0.600000 
1.799713

0.050000	1.000000 
0.000000

0.580000	0.300000 
1.799713

0.690000	0.250000 
1.799713

0.370000	0.350000 
1.799713

0.290000	0.550000 
1.799713

0.430000	0.500000 
1.799713

0.330000	0.800000 
1.799713

0.800000	0.650000 
1.799713

0.800000	0.350000 
1.799713

0.030000	0.850000 
1.799713

0.640000	0.250000 
1.799713

0.640000	0.250000 
1.799713

0.040000	0.900000 
1.799713

0.560000	0.400000 
1.799713

0.360000	0.850000 
1.799713

0.120000	0.450000 
1.799713

0.500000	0.850000 
1.799713

0.690000	0.050000 
1.799713

0.670000	0.250000 
1.799713

0.880000	0.600000 
1.799713

