   0 	 0.141704 	 1.612890 	 1.814901
   1 	 0.740463 	 1.694616 	 1.814901
   2 	 1.665240 	 1.807519 	 1.814901
   3 	 1.387926 	 1.793470 	 1.814901
   4 	 0.986463 	 1.733745 	 1.814901
   5 	 0.986463 	 1.787286 	 1.814901
   6 	 1.458818 	 1.802896 	 1.814901
   7 	 1.776554 	 1.813487 	 1.814901
   8 	 1.387926 	 1.793739 	 1.814901
   9 	 1.387926 	 1.800668 	 1.814901
   0 	 0.141704 	 1.623083 	 1.814901
   1 	 1.162405 	 1.767721 	 1.814901
   2 	 1.162405 	 1.774515 	 1.814901
   3 	 1.298226 	 1.783748 	 1.814901
   4 	 1.638582 	 1.808888 	 1.814901
   5 	 1.797115 	 1.813715 	 1.814901
   6 	 1.162405 	 1.793016 	 1.814901
   7 	 1.760887 	 1.812372 	 1.814901
   8 	 1.797115 	 1.814173 	 1.814901
   9 	 1.387926 	 1.798112 	 1.814901
   0 	 0.179082 	 1.657075 	 1.814901
   1 	 1.638582 	 1.799030 	 1.814901
   2 	 1.665240 	 1.809319 	 1.814901
   3 	 1.638582 	 1.803239 	 1.814901
   4 	 1.298226 	 1.795878 	 1.814901
   5 	 1.791018 	 1.814105 	 1.814901
   6 	 1.791018 	 1.814105 	 1.814901
   7 	 1.814901 	 1.814901 	 1.814901
   8 	 1.814901 	 1.814901 	 1.814901
   9 	 1.814901 	 1.814901 	 1.814901
   0 	 0.086018 	 1.568006 	 1.814901
   1 	 1.162405 	 1.764093 	 1.814901
   2 	 0.986463 	 1.782298 	 1.814901
   3 	 1.573313 	 1.806848 	 1.814901
   4 	 1.638582 	 1.809024 	 1.814901
   5 	 1.458818 	 1.803032 	 1.814901
   6 	 1.814901 	 1.814901 	 1.814901
   7 	 1.814901 	 1.814901 	 1.814901
   8 	 1.814901 	 1.814901 	 1.814901
   9 	 1.729746 	 1.812062 	 1.814901
   0 	 1.298226 	 1.795951 	 1.814901
   1 	 0.986463 	 1.772540 	 1.814901
   2 	 1.729746 	 1.806385 	 1.814901
   3 	 1.387926 	 1.793120 	 1.814901
   4 	 0.141704 	 1.604147 	 1.814901
   5 	 1.665240 	 1.804867 	 1.814901
   6 	 1.665240 	 1.805648 	 1.814901
   7 	 1.776554 	 1.811573 	 1.814901
   8 	 1.458818 	 1.801117 	 1.814901
   9 	 1.797115 	 1.814308 	 1.814901
