11	0.900000	0.300000	60
1.814901

2	0.300000	0.100000	4
0.740463

6	0.950000	0.800000	70
1.814901

3	0.950000	0.100000	61
1.814901

13	0.400000	0.800000	6
1.162405

9	0.550000	0.050000	46
1.814901

3	1.000000	0.750000	82
0.179082

15	0.400000	0.850000	14
1.729746

9	0.950000	0.950000	81
1.814901

14	0.950000	0.250000	22
1.814901

7	0.500000	0.500000	21
1.814901

2	0.900000	0.450000	50
1.814901

10	0.000000	0.050000	50
1.814901

8	0.300000	0.350000	11
1.611076

11	0.400000	0.500000	12
1.638582

19	0.800000	0.950000	88
1.814901

4	0.400000	0.800000	71
1.814901

1	0.050000	0.150000	59
1.814901

7	0.650000	0.850000	98
1.814901

5	0.900000	0.800000	45
1.814901

3	0.100000	0.200000	16
1.776554

3	0.100000	0.350000	95
1.814901

9	0.600000	0.100000	78
1.814901

4	0.750000	1.000000	35
0.141704

14	0.950000	0.600000	93
1.814901

8	0.050000	0.350000	7
1.298226

10	0.100000	0.750000	80
1.814901

6	0.350000	0.200000	19
1.810836

12	0.800000	0.700000	56
1.814901

17	0.400000	0.700000	52
1.814901

18	0.750000	0.900000	85
1.814901

17	0.450000	0.750000	54
1.814901

9	0.200000	0.750000	79
1.814901

6	0.850000	0.800000	70
1.814901

11	0.800000	0.700000	60
1.814901

7	0.100000	0.850000	93
1.814901

19	0.950000	0.600000	91
1.814901

12	0.800000	0.700000	57
1.814901

6	0.750000	0.850000	89
1.814901

6	0.850000	0.850000	78
1.814901

9	0.250000	0.500000	79
1.814901

9	0.400000	0.300000	78
1.814901

12	0.000000	0.800000	6
1.162405

5	0.900000	0.800000	44
1.814901

19	0.950000	0.300000	1
0.086018

2	0.950000	0.000000	81
1.814901

3	0.500000	0.700000	69
1.814901

3	0.850000	0.200000	62
1.814901

7	0.500000	0.500000	21
1.814901

7	0.500000	0.500000	21
1.814901

11	0.800000	0.700000	54
1.814901

11	0.400000	0.000000	72
1.814901

6	0.900000	0.800000	71
1.814901

6	0.250000	0.850000	96
1.814901

13	0.400000	0.800000	6
1.162405

13	0.400000	0.800000	6
1.162405

8	0.550000	0.100000	47
1.814901

4	0.450000	0.750000	69
1.814901

10	0.350000	0.650000	8
1.387926

5	0.200000	0.350000	13
1.665240

6	0.450000	0.500000	20
1.814901

5	0.200000	0.350000	13
1.665240

7	0.550000	0.500000	26
1.814901

11	0.750000	0.650000	51
1.814901

9	0.200000	0.500000	82
1.814901

12	0.850000	0.750000	99
1.814901

6	0.250000	0.850000	96
1.814901

9	0.400000	0.300000	78
1.814901

5	0.550000	0.600000	15
1.760887

10	0.350000	0.900000	115
1.814901

5	0.950000	0.800000	69
1.814901

15	0.850000	0.250000	63
1.814901

12	0.200000	0.800000	18
1.797115

11	0.600000	0.750000	48
1.814901

5	0.850000	0.750000	47
1.814901

8	0.400000	0.500000	75
1.814901

10	0.750000	0.050000	63
1.814901

6	0.200000	0.300000	21
1.814901

5	0.900000	0.800000	44
1.814901

6	0.250000	0.850000	96
1.814901

11	0.800000	0.700000	60
1.814901

6	0.900000	0.800000	71
1.814901

11	0.950000	0.250000	66
1.814901

10	0.250000	0.700000	2
0.288619

8	0.550000	0.100000	47
1.814901

11	0.800000	0.700000	54
1.814901

7	0.900000	0.750000	48
1.814901

17	0.900000	0.650000	84
1.814901

13	0.800000	0.800000	56
1.814901

1	0.850000	0.650000	63
1.814901

9	0.750000	0.250000	54
1.814901

7	0.400000	0.300000	33
1.814901

8	0.550000	0.100000	48
1.814901

14	0.850000	0.250000	62
1.814901

15	0.950000	0.200000	59
1.814901

8	0.100000	0.500000	86
1.814901

5	0.750000	0.350000	17
1.791018

5	0.600000	0.650000	19
1.810836

4	0.900000	0.800000	45
1.814901

1	0.850000	0.900000	62
1.814901

6	0.900000	0.800000	71
1.814901

6	0.900000	0.300000	71
1.814901

4	1.000000	0.850000	49
0.179082

5	0.100000	0.300000	8
1.387926

8	0.200000	0.200000	16
1.776554

0	1.250000	0.800000	94
0.000000

10	0.400000	0.850000	108
1.814901

11	0.750000	0.700000	33
1.814901

7	0.500000	0.550000	36
1.814901

7	0.300000	0.800000	86
1.814901

8	0.450000	0.550000	72
1.814901

7	0.850000	0.750000	51
1.814901

9	0.250000	0.750000	78
1.814901

6	0.850000	0.800000	70
1.814901

5	0.850000	0.700000	45
1.814901

8	0.600000	0.050000	47
1.814901

8	0.600000	0.100000	49
1.814901

10	0.750000	0.050000	61
1.814901

10	0.300000	1.050000	124
0.000000

10	0.850000	0.400000	54
1.814901

5	1.000000	0.250000	71
0.179082

9	0.400000	0.550000	72
1.814901

4	0.900000	0.800000	47
1.814901

6	0.900000	0.800000	68
1.814901

5	0.900000	0.950000	75
1.814901

10	0.700000	0.100000	49
1.814901

8	0.650000	0.000000	44
1.814901

9	0.200000	0.800000	81
1.814901

5	0.750000	0.350000	10
1.573313

10	0.750000	0.050000	68
1.814901

7	0.100000	0.250000	9
1.458818

6	0.100000	0.300000	6
1.162405

7	0.400000	0.300000	34
1.814901

15	0.950000	0.200000	59
1.814901

9	0.600000	0.100000	52
1.814901

5	0.150000	0.400000	9
1.458818

10	0.400000	0.850000	108
1.814901

6	0.900000	0.800000	72
1.814901

10	0.400000	0.900000	114
1.814901

11	0.750000	0.700000	27
1.814901

8	0.550000	0.550000	28
1.814901

10	0.750000	0.650000	49
1.814901

6	0.900000	0.150000	79
1.814901

4	0.900000	0.950000	37
1.814901

7	0.450000	0.350000	32
1.814901

7	0.500000	0.500000	28
1.814901

8	0.100000	0.500000	86
1.814901

7	0.850000	0.750000	5
0.986463

6	0.900000	0.800000	70
1.814901

7	0.300000	0.800000	87
1.814901

7	0.550000	0.450000	22
1.814901

8	0.050000	0.550000	91
1.814901

5	0.900000	0.750000	48
1.814901

15	0.950000	0.250000	58
1.814901

5	0.900000	0.750000	49
1.814901

4	0.900000	0.950000	35
1.814901

8	0.100000	0.550000	86
1.814901

9	0.200000	0.800000	81
1.814901

10	0.450000	0.850000	105
1.814901

5	0.800000	0.800000	57
1.814901

14	0.850000	0.150000	56
1.814901

12	0.800000	0.100000	53
1.814901

6	0.850000	0.700000	64
1.814901

7	0.650000	0.100000	48
1.814901

5	0.900000	0.850000	76
1.814901

6	0.900000	0.300000	78
1.814901

7	0.450000	0.350000	32
1.814901

8	0.550000	0.550000	28
1.814901

12	0.250000	0.850000	122
1.814901

3	0.950000	0.950000	23
1.814901

4	0.850000	0.900000	38
1.814901

7	0.650000	0.050000	43
1.814901

4	0.900000	0.850000	75
1.814901

12	0.700000	0.850000	44
1.814901

11	0.750000	0.950000	130
1.814901

4	0.800000	0.300000	5
0.986463

8	0.350000	0.800000	74
1.814901

5	0.750000	0.800000	54
1.814901

5	0.950000	0.850000	78
1.814901

8	0.500000	0.500000	20
1.814901

4	0.950000	0.950000	42
1.814901

10	0.800000	0.950000	112
1.814901

6	0.900000	0.400000	74
1.814901

5	0.850000	0.700000	62
1.814901

9	0.400000	0.350000	72
1.814901

9	0.400000	0.550000	72
1.814901

4	0.900000	0.950000	26
1.814901

4	0.900000	0.950000	35
1.814901

3	0.900000	0.950000	78
1.814901

15	0.850000	0.050000	52
1.814901

7	0.400000	0.250000	23
1.814901

12	0.750000	1.000000	139
0.141704

13	0.700000	0.850000	43
1.814901

4	0.750000	0.800000	56
1.814901

8	0.100000	0.550000	86
1.814901

8	0.100000	0.550000	86
1.814901

4	0.900000	0.850000	74
1.814901

5	0.100000	0.750000	50
1.814901

15	1.000000	0.200000	62
0.179082

6	0.500000	0.500000	19
1.810836

6	0.900000	0.300000	83
1.814901

4	0.800000	0.300000	9
1.458818

8	0.650000	0.000000	42
1.814901

4	0.950000	0.900000	76
1.814901

8	0.350000	0.800000	74
1.814901

8	0.350000	0.800000	74
1.814901

5	0.900000	0.800000	56
1.814901

5	0.900000	0.800000	67
1.814901

8	0.800000	0.600000	55
1.814901

11	0.850000	0.350000	55
1.814901

5	0.900000	0.800000	67
1.814901

5	0.850000	0.700000	62
1.814901

8	0.400000	0.350000	69
1.814901

8	0.600000	0.050000	45
1.814901

5	0.900000	0.800000	67
1.814901

3	0.300000	0.950000	79
1.814901

8	0.650000	0.650000	29
1.814901

12	0.900000	0.350000	49
1.814901

15	0.850000	0.050000	51
1.814901

8	0.650000	0.000000	42
1.814901

4	0.850000	0.900000	33
1.814901

6	0.550000	0.550000	21
1.814901

5	0.900000	0.900000	27
1.814901

15	0.850000	0.100000	51
1.814901

7	0.450000	0.800000	73
1.814901

5	0.800000	0.800000	69
1.814901

4	0.850000	0.900000	34
1.814901

6	0.450000	0.350000	24
1.814901

3	0.750000	0.100000	41
1.814901

5	0.950000	1.050000	83
0.000000

13	0.850000	1.250000	168
0.000000

1	0.800000	0.000000	66
1.814901

7	0.550000	0.450000	22
1.814901

6	0.500000	0.500000	19
1.810836

8	0.600000	0.550000	42
1.814901

8	0.050000	0.150000	90
1.814901

4	0.950000	0.850000	80
1.814901

8	0.500000	0.450000	16
1.776554

9	0.450000	0.550000	70
1.814901

15	0.800000	0.100000	54
1.814901

18	1.050000	0.450000	315
0.000000

9	1.900000	0.300000	290
0.000000

9	0.800000	0.900000	100
1.814901

4	0.750000	0.150000	11
1.611076

6	0.850000	0.650000	68
1.814901

4	0.850000	0.950000	29
1.814901

6	0.600000	0.450000	125
1.814901

11	1.100000	1.150000	36
0.000000

9	0.450000	0.500000	69
1.814901

8	0.600000	0.050000	46
1.814901

6	0.900000	0.750000	65
1.814901

14	0.850000	0.150000	55
1.814901

9	0.600000	0.200000	45
1.814901

3	0.900000	1.100000	31
0.000000

5	0.300000	0.150000	95
1.814901

7	0.700000	0.200000	42
1.814901

14	0.850000	0.150000	55
1.814901

5	0.900000	0.750000	66
1.814901

6	0.850000	0.650000	61
1.814901

14	0.850000	0.150000	52
1.814901

8	0.500000	0.400000	19
1.810836

4	1.000000	1.050000	45
0.000000

5	1.300000	0.850000	14
0.000000

1	0.150000	1.000000	117
0.141704

10	0.800000	1.000000	125
0.141704

6	0.550000	0.500000	8
1.387926

6	0.550000	0.550000	21
1.814901

4	0.850000	0.900000	33
1.814901

9	0.750000	0.600000	84
1.814901

9	0.700000	0.400000	70
1.814901

6	0.900000	0.750000	66
1.814901

4	0.900000	0.800000	67
1.814901

15	0.800000	0.050000	53
1.814901

4	0.900000	0.850000	67
1.814901

13	0.800000	0.150000	54
1.814901

9	0.650000	0.050000	47
1.814901

4	0.950000	0.900000	70
1.814901

8	0.550000	0.050000	42
1.814901

11	0.800000	0.250000	48
1.814901

9	0.650000	0.150000	47
1.814901

9	0.750000	0.800000	92
1.814901

8	0.700000	0.300000	50
1.814901

6	0.600000	0.800000	20
1.814901

16	0.900000	0.000000	64
1.814901

6	0.550000	0.500000	8
1.387926

12	0.900000	0.350000	89
1.814901

5	0.700000	0.100000	74
1.814901

6	0.650000	0.100000	31
1.814901

8	0.700000	0.650000	23
1.814901

9	0.400000	0.500000	75
1.814901

7	0.900000	0.600000	63
1.814901

12	0.850000	0.300000	58
1.814901

8	0.600000	0.050000	45
1.814901

8	0.600000	0.050000	46
1.814901

14	0.850000	0.150000	51
1.814901

6	0.050000	0.450000	125
1.814901

6	0.850000	0.650000	61
1.814901

9	0.700000	0.400000	50
1.814901

8	0.400000	0.350000	69
1.814901

5	0.300000	0.150000	94
1.814901

17	0.050000	0.950000	99
1.814901

4	0.400000	0.000000	44
1.814901

9	0.550000	0.100000	80
1.814901

19	0.300000	0.700000	64
1.814901

19	0.850000	0.850000	40
1.814901

9	0.600000	0.100000	11
1.611076

1	0.150000	1.000000	24
0.141704

6	0.700000	0.900000	47
1.814901

16	0.100000	0.800000	38
1.814901

15	0.300000	1.000000	80
0.141704

1	0.200000	0.000000	77
1.814901

10	0.400000	0.650000	7
1.298226

6	0.500000	0.100000	89
1.814901

18	0.750000	0.800000	19
1.810836

19	0.500000	0.850000	21
1.814901

9	0.000000	0.800000	23
1.814901

5	0.050000	0.250000	45
1.814901

2	0.750000	0.900000	75
1.814901

11	0.200000	0.600000	77
1.814901

2	0.000000	0.800000	94
1.814901

19	0.500000	0.450000	35
1.814901

14	0.450000	0.450000	86
1.814901

1	0.350000	0.600000	30
1.814901

12	0.400000	0.300000	41
1.814901

18	0.350000	0.550000	61
1.814901

12	0.650000	0.750000	59
1.814901

3	1.000000	0.500000	59
0.179082

15	0.150000	0.950000	22
1.814901

14	0.150000	0.400000	17
1.791018

1	0.950000	0.800000	17
1.791018

11	0.450000	0.350000	39
1.814901

1	0.900000	0.750000	18
1.797115

9	0.300000	0.300000	42
1.814901

7	0.150000	0.250000	43
1.814901

17	0.350000	0.650000	58
1.814901

10	0.600000	0.150000	16
1.776554

0	1.000000	0.800000	13
0.179082

2	0.050000	0.800000	97
1.814901

1	0.950000	0.200000	19
1.810836

4	0.050000	0.200000	91
1.814901

10	0.200000	0.650000	78
1.814901

12	0.400000	0.950000	39
1.814901

4	0.400000	0.150000	42
1.814901

14	0.200000	0.900000	23
1.814901

7	0.700000	0.100000	83
1.814901

7	0.500000	0.100000	85
1.814901

4	0.800000	1.350000	29
0.000000

10	0.450000	0.350000	97
1.814901

18	0.400000	0.700000	0
0.086018

8	0.550000	0.050000	61
1.814901

9	0.700000	0.100000	6
1.162405

4	0.050000	0.300000	74
1.814901

16	0.100000	0.850000	45
1.814901

16	0.100000	0.950000	91
1.814901

9	0.550000	0.050000	82
1.814901

9	0.000000	0.800000	20
1.814901

0	0.300000	0.050000	7
1.298226

6	0.750000	0.050000	54
1.814901

18	0.450000	0.550000	61
1.814901

19	0.850000	0.850000	40
1.814901

18	0.900000	1.400000	97
0.000000

6	0.500000	1.850000	97
0.000000

6	0.700000	0.350000	54
1.814901

14	0.200000	0.850000	24
1.814901

18	0.300000	0.750000	60
1.814901

13	0.400000	0.950000	43
1.814901

17	0.050000	0.950000	99
1.814901

7	0.150000	0.250000	43
1.814901

1	0.950000	0.650000	69
1.814901

24	0.350000	1.700000	102
0.000000

12	0.250000	0.850000	26
1.814901

18	0.000000	0.950000	141
1.814901

7	0.500000	0.100000	90
1.814901

6	0.750000	0.050000	49
1.814901

5	0.500000	0.000000	90
1.814901

20	0.850000	0.900000	35
1.814901

13	0.050000	0.900000	92
1.814901

5	0.000000	0.800000	96
1.814901

9	0.550000	0.100000	28
1.814901

11	0.400000	0.900000	41
1.814901

18	0.400000	0.550000	50
1.814901

16	0.000000	1.000000	36
0.141704

12	0.400000	1.000000	40
0.141704

0	0.300000	0.000000	6
1.162405

7	0.150000	0.250000	43
1.814901

7	0.150000	0.250000	43
1.814901

16	0.250000	1.250000	26
0.000000

5	1.350000	0.150000	16
0.000000

3	0.400000	0.000000	43
1.814901

0	0.300000	0.050000	7
1.298226

13	0.100000	0.900000	87
1.814901

11	0.400000	0.900000	46
1.814901

12	0.200000	0.850000	42
1.814901

11	0.450000	0.900000	57
1.814901

12	0.250000	0.850000	12
1.638582

13	0.050000	0.900000	79
1.814901

19	0.050000	1.000000	160
0.141704

16	0.100000	0.950000	80
1.814901

7	0.150000	0.300000	42
1.814901

13	0.200000	0.850000	25
1.814901

3	0.450000	0.050000	45
1.814901

1	0.900000	0.600000	67
1.814901

13	0.400000	0.950000	43
1.814901

13	0.400000	0.950000	43
1.814901

5	0.000000	0.850000	96
1.814901

5	0.500000	0.000000	90
1.814901

10	0.600000	0.200000	27
1.814901

7	0.850000	0.800000	34
1.814901

12	0.250000	0.950000	37
1.814901

1	0.100000	0.200000	54
1.814901

0	0.750000	0.150000	7
1.298226

0	0.500000	0.100000	10
1.573313

5	0.150000	0.150000	35
1.814901

18	0.050000	1.050000	107
0.000000

5	0.700000	0.200000	55
1.814901

10	0.400000	0.400000	37
1.814901

3	0.800000	0.350000	24
1.814901

9	0.550000	0.750000	36
1.814901

20	0.200000	0.600000	49
1.814901

2	0.100000	0.850000	105
1.814901

3	0.450000	0.050000	45
1.814901

3	0.450000	0.050000	45
1.814901

10	0.600000	0.200000	26
1.814901

5	0.150000	0.150000	35
1.814901

10	0.400000	0.800000	48
1.814901

12	0.200000	0.850000	67
1.814901

14	0.350000	1.150000	45
0.000000

9	0.450000	0.200000	35
1.814901

3	0.850000	0.050000	1
0.086018

25	0.100000	0.700000	57
1.814901

4	0.400000	0.950000	46
1.814901

12	0.450000	0.900000	54
1.814901

1	0.900000	0.600000	67
1.814901

5	0.450000	0.350000	24
1.814901

10	0.200000	0.850000	2
0.288619

3	0.050000	0.850000	89
1.814901

4	0.450000	0.050000	46
1.814901

11	0.450000	0.850000	56
1.814901

12	0.350000	0.900000	46
1.814901

9	0.550000	0.750000	36
1.814901

5	0.700000	0.200000	55
1.814901

5	0.500000	0.000000	90
1.814901

10	0.100000	0.850000	45
1.814901

5	0.050000	0.850000	83
1.814901

1	1.350000	1.250000	51
0.000000

2	0.550000	1.500000	121
0.000000

5	0.050000	0.200000	35
1.814901

9	0.400000	0.350000	37
1.814901

3	0.500000	0.300000	19
1.810836

9	0.400000	0.700000	34
1.814901

5	0.050000	0.850000	83
1.814901

12	0.850000	0.850000	66
1.814901

5	0.650000	0.000000	53
1.814901

4	0.450000	0.700000	48
1.814901

4	0.400000	0.000000	43
1.814901

5	0.100000	0.150000	36
1.814901

3	0.400000	1.000000	44
0.141704

7	0.500000	0.050000	93
1.814901

2	0.450000	0.300000	18
1.797115

11	0.600000	0.200000	27
1.814901

4	0.100000	0.050000	30
1.814901

12	0.550000	1.050000	53
0.000000

9	0.550000	0.750000	34
1.814901

10	0.400000	0.800000	50
1.814901

6	0.650000	0.100000	52
1.814901

9	0.450000	0.250000	40
1.814901

10	0.650000	0.150000	25
1.814901

10	0.050000	0.900000	47
1.814901

6	0.100000	0.250000	31
1.814901

5	0.850000	0.300000	59
1.814901

5	0.400000	0.900000	47
1.814901

9	0.400000	0.800000	48
1.814901

12	0.400000	0.200000	36
1.814901

10	0.250000	0.700000	2
0.288619

4	0.450000	0.050000	46
1.814901

9	0.450000	0.050000	98
1.814901

3	0.500000	0.300000	18
1.797115

12	0.550000	0.900000	47
1.814901

14	0.000000	1.200000	79
0.000000

2	0.900000	0.600000	92
1.814901

2	0.950000	0.700000	97
1.814901

9	0.650000	0.850000	29
1.814901

7	0.500000	0.050000	93
1.814901

9	0.400000	0.800000	48
1.814901

10	0.400000	0.800000	50
1.814901

10	0.050000	0.900000	47
1.814901

8	0.550000	0.600000	25
1.814901

14	0.450000	1.050000	55
0.000000

3	0.900000	0.550000	88
1.814901

4	0.500000	0.000000	50
1.814901

5	0.150000	0.000000	35
1.814901

5	0.150000	0.150000	35
1.814901

5	0.400000	0.900000	47
1.814901

5	0.400000	0.900000	47
1.814901

6	0.800000	0.050000	59
1.814901

2	0.300000	0.100000	39
1.814901

5	0.400000	0.850000	45
1.814901

10	0.600000	0.250000	27
1.814901

8	0.550000	0.600000	34
1.814901

3	0.450000	0.000000	40
1.814901

14	1.700000	2.200000	76
0.000000

15	0.450000	2.700000	33
0.000000

10	0.600000	0.150000	26
1.814901

7	0.500000	0.050000	6
1.162405

11	0.500000	0.850000	45
1.814901

6	0.000000	0.350000	30
1.814901

6	0.650000	0.100000	50
1.814901

2	0.450000	0.300000	19
1.810836

4	0.450000	0.750000	48
1.814901

3	0.450000	0.050000	45
1.814901

13	0.900000	0.900000	71
1.814901

1	0.450000	0.250000	15
1.760887

11	0.800000	0.700000	58
1.814901

10	0.650000	0.350000	36
1.814901

3	0.000000	0.050000	45
1.814901

5	0.400000	0.800000	46
1.814901

4	0.450000	0.050000	44
1.814901

9	0.600000	0.200000	28
1.814901

9	0.650000	0.850000	29
1.814901

6	0.500000	0.050000	93
1.814901

5	0.400000	0.700000	47
1.814901

4	0.450000	0.200000	49
1.814901

6	0.650000	0.100000	50
1.814901

6	0.650000	0.100000	50
1.814901

7	0.550000	0.600000	25
1.814901

2	0.500000	0.300000	19
1.810836

8	0.200000	0.550000	33
1.814901

7	0.200000	0.450000	31
1.814901

3	0.400000	0.100000	42
1.814901

5	0.550000	0.100000	47
1.814901

8	0.500000	0.550000	34
1.814901

5	0.200000	0.050000	82
1.814901

10	0.100000	0.800000	46
1.814901

3	0.250000	0.850000	40
1.814901

10	0.550000	0.350000	30
1.814901

1	0.450000	0.250000	18
1.797115

3	0.850000	0.500000	91
1.814901

9	0.450000	0.600000	56
1.814901

8	0.450000	0.100000	4
0.740463

13	1.000000	1.200000	89
0.000000

13	0.900000	0.700000	59
1.814901

3	0.350000	0.800000	44
1.814901

9	0.600000	0.750000	29
1.814901

10	0.550000	0.400000	30
1.814901

8	0.250000	0.550000	31
1.814901

7	0.500000	0.600000	26
1.814901

3	0.300000	0.800000	41
1.814901

3	0.450000	0.500000	89
1.814901

9	0.550000	0.850000	32
1.814901

9	0.200000	0.800000	43
1.814901

2	0.450000	0.350000	21
1.814901

4	0.400000	0.600000	45
1.814901

8	0.200000	0.500000	33
1.814901

4	0.450000	0.050000	44
1.814901

3	0.450000	0.050000	43
1.814901

3	0.700000	0.100000	51
1.814901

10	0.500000	0.600000	57
1.814901

3	0.250000	0.850000	38
1.814901

6	0.250000	0.300000	35
1.814901

5	0.350000	0.100000	40
1.814901

1	0.450000	0.250000	66
1.814901

1	0.450000	0.250000	18
1.797115

4	0.150000	0.000000	46
1.814901

5	0.500000	0.050000	49
1.814901

3	0.000000	0.050000	45
1.814901

2	0.500000	0.300000	19
1.810836

10	0.700000	0.050000	36
1.814901

8	0.200000	0.550000	33
1.814901

3	0.850000	0.250000	89
1.814901

9	0.550000	0.300000	32
1.814901

10	0.550000	0.400000	30
1.814901

12	0.700000	0.050000	35
1.814901

11	0.800000	0.650000	54
1.814901

4	0.550000	0.400000	27
1.814901

0	0.850000	0.150000	16
1.776554

3	0.500000	0.450000	23
1.814901

3	0.450000	0.050000	43
1.814901

10	0.500000	0.600000	57
1.814901

3	0.500000	0.350000	26
1.814901

7	0.500000	0.550000	25
1.814901

2	0.250000	0.850000	38
1.814901

10	0.700000	0.000000	36
1.814901

3	0.350000	0.300000	75
1.814901

4	0.250000	0.150000	61
1.814901

8	0.200000	0.500000	33
1.814901

10	0.550000	0.400000	30
1.814901

3	0.700000	0.050000	35
1.814901

9	0.600000	0.350000	29
1.814901

6	0.250000	0.250000	24
1.814901

11	0.150000	1.100000	52
0.000000

8	0.250000	0.450000	31
1.814901

3	0.700000	0.100000	51
1.814901

9	0.200000	0.800000	42
1.814901

9	0.600000	0.800000	30
1.814901

1	0.550000	0.100000	113
1.814901

10	0.100000	0.650000	8
1.387926

5	0.400000	0.100000	40
1.814901

9	0.600000	0.750000	29
1.814901

10	0.150000	0.850000	45
1.814901

3	0.500000	0.200000	16
1.776554

13	0.650000	0.050000	64
1.814901

11	0.500000	0.200000	93
1.814901

10	0.950000	0.950000	17
1.791018

10	0.350000	0.400000	76
1.814901

2	0.700000	0.250000	2
0.288619

13	0.850000	0.350000	64
1.814901

16	0.300000	0.600000	68
1.814901

14	0.600000	0.200000	77
1.814901

13	0.600000	0.600000	59
1.814901

14	0.250000	0.450000	51
1.814901

13	0.850000	0.700000	7
1.298226

7	0.400000	0.500000	73
1.814901

12	0.100000	0.850000	48
1.814901

9	0.150000	0.400000	97
1.814901

19	0.650000	0.750000	41
1.814901

5	0.500000	0.250000	45
1.814901

7	0.150000	0.600000	15
1.760887

19	1.000000	0.000000	56
0.179082

12	0.900000	0.250000	88
1.814901

10	0.750000	0.800000	5
0.986463

7	0.450000	0.250000	50
1.814901

11	0.550000	0.150000	57
1.814901

17	0.500000	0.150000	30
1.814901

1	0.850000	0.250000	37
1.814901

5	0.600000	0.950000	13
1.665240

12	0.300000	0.850000	83
1.814901

6	0.050000	0.150000	66
1.814901

4	0.350000	0.400000	48
1.814901

2	0.400000	0.600000	42
1.814901

2	0.050000	0.800000	91
1.814901

14	0.000000	0.700000	43
1.814901

12	0.900000	0.200000	71
1.814901

12	0.900000	0.250000	86
1.814901

12	0.600000	0.600000	60
1.814901

4	0.400000	0.350000	42
1.814901

1	0.000000	0.850000	96
1.814901

10	0.500000	0.150000	95
1.814901

13	0.850000	0.650000	56
1.814901

13	0.650000	0.100000	58
1.814901

13	0.850000	0.650000	12
1.638582

11	0.100000	0.850000	48
1.814901

13	0.600000	0.600000	59
1.814901

18	0.600000	0.750000	41
1.814901

12	0.150000	0.850000	47
1.814901

7	0.450000	0.250000	50
1.814901

7	0.450000	0.250000	50
1.814901

9	0.450000	0.750000	12
1.638582

9	0.200000	0.450000	89
1.814901

10	0.900000	0.850000	22
1.814901

10	0.550000	0.250000	87
1.814901

2	0.400000	0.600000	47
1.814901

6	0.400000	0.550000	67
1.814901

12	0.600000	0.700000	64
1.814901

6	0.100000	0.150000	65
1.814901

7	0.050000	0.800000	112
1.814901

18	0.550000	0.100000	14
1.729746

12	0.600000	0.650000	55
1.814901

5	0.600000	0.900000	16
1.776554

11	0.300000	0.850000	83
1.814901

13	0.850000	0.350000	63
1.814901

1	0.250000	1.000000	105
0.141704

16	1.100000	0.200000	55
0.000000

3	0.600000	0.950000	13
1.665240

20	0.600000	0.750000	45
1.814901

35	0.100000	2.550000	168
0.000000

49	1.000000	1.800000	309
0.000000

8	0.200000	0.450000	86
1.814901

6	0.350000	0.500000	69
1.814901

2	0.050000	0.850000	94
1.814901

12	0.650000	0.150000	60
1.814901

1	0.200000	0.600000	107
1.814901

16	0.850000	0.100000	47
1.814901

7	0.450000	0.550000	64
1.814901

10	0.550000	0.600000	57
1.814901

12	0.800000	0.650000	18
1.797115

2	0.650000	0.850000	90
1.814901

19	0.200000	0.750000	39
1.814901

12	0.750000	0.650000	58
1.814901

9	0.350000	0.750000	4
0.740463

13	0.900000	0.650000	65
1.814901

11	0.500000	0.200000	90
1.814901

12	0.600000	0.550000	65
1.814901

4	0.450000	0.700000	35
1.814901

4	0.500000	0.800000	29
1.814901

6	0.450000	0.250000	49
1.814901

12	0.600000	0.600000	60
1.814901

9	0.850000	0.850000	25
1.814901

6	0.400000	0.550000	64
1.814901

1	0.000000	0.850000	96
1.814901

1	0.000000	0.850000	96
1.814901

28	2.150000	1.550000	206
0.000000

42	2.900000	0.150000	50
0.000000

2	0.000000	0.850000	95
1.814901

15	0.850000	0.100000	49
1.814901

7	0.400000	0.550000	62
1.814901

2	0.650000	0.900000	92
1.814901

12	0.600000	0.100000	66
1.814901

12	0.800000	0.700000	12
1.638582

20	0.600000	0.750000	45
1.814901

16	0.600000	0.750000	45
1.814901

11	0.550000	0.550000	57
1.814901

5	0.450000	0.400000	45
1.814901

7	0.550000	1.450000	126
0.000000

24	1.400000	0.700000	17
0.000000

4	0.050000	0.700000	155
1.814901

22	1.300000	0.400000	11
0.000000

17	1.050000	0.600000	77
0.000000

1	0.350000	0.850000	17
1.791018

11	0.500000	0.200000	93
1.814901

6	0.400000	0.250000	47
1.814901

5	0.500000	0.100000	38
1.814901

14	0.450000	0.600000	56
1.814901

13	0.650000	0.600000	62
1.814901

15	0.800000	0.000000	50
1.814901

22	0.250000	0.750000	27
1.814901

7	0.200000	0.900000	108
1.814901

8	0.250000	0.450000	84
1.814901

10	0.500000	0.600000	59
1.814901

10	0.850000	0.150000	95
1.814901

2	0.050000	0.800000	94
1.814901

17	1.250000	0.750000	41
0.000000

12	0.050000	1.300000	63
0.000000

6	0.700000	0.450000	47
1.814901

17	0.750000	0.250000	48
1.814901

4	0.100000	0.700000	142
1.814901

7	0.350000	0.550000	75
1.814901

14	0.400000	0.600000	61
1.814901

11	0.850000	0.750000	7
1.298226

17	0.600000	0.550000	15
1.760887

3	0.150000	0.750000	196
1.814901

1	0.050000	0.900000	99
1.814901

13	0.700000	0.100000	56
1.814901

10	0.850000	0.150000	95
1.814901

10	0.850000	0.150000	95
1.814901

11	0.500000	0.600000	59
1.814901

13	0.450000	0.600000	52
1.814901

11	0.550000	0.550000	57
1.814901

11	0.550000	0.550000	57
1.814901

15	0.850000	0.050000	49
1.814901

10	0.500000	0.600000	59
1.814901

11	0.350000	0.200000	92
1.814901

10	1.000000	0.150000	96
0.179082

9	0.850000	0.150000	98
1.814901

20	0.600000	0.750000	42
1.814901

19	0.550000	0.700000	49
1.814901

9	0.250000	0.450000	82
1.814901

1	0.500000	0.300000	81
1.814901

27	0.200000	0.850000	87
1.814901

5	0.450000	0.150000	44
1.814901

6	0.200000	0.800000	102
1.814901

4	0.100000	0.700000	142
1.814901

11	0.500000	0.600000	59
1.814901

10	0.550000	0.550000	58
1.814901

1	0.500000	0.300000	79
1.814901

6	0.700000	0.450000	47
1.814901

7	0.350000	0.550000	74
1.814901

26	1.600000	0.850000	47
0.000000

6	0.700000	1.450000	238
0.000000

14	0.400000	0.600000	61
1.814901

11	0.500000	0.600000	58
1.814901

19	1.100000	0.350000	35
0.000000

5	0.450000	1.350000	120
0.000000

17	0.600000	0.550000	17
1.791018

11	0.500000	0.650000	69
1.814901

20	0.550000	0.800000	42
1.814901

9	0.900000	0.100000	102
1.814901

5	0.450000	0.150000	44
1.814901

5	0.450000	0.150000	44
1.814901

10	0.850000	0.150000	95
1.814901

9	0.850000	0.150000	97
1.814901

9	0.300000	0.450000	83
1.814901

9	0.800000	0.150000	97
1.814901

11	0.550000	0.550000	56
1.814901

0	0.500000	0.300000	82
1.814901

11	1.100000	0.000000	85
0.000000

3	0.150000	0.850000	155
1.814901

13	0.450000	0.600000	52
1.814901

5	0.700000	0.450000	47
1.814901

19	0.550000	0.800000	49
1.814901

15	0.850000	0.150000	49
1.814901

7	0.350000	0.550000	75
1.814901

12	0.600000	0.550000	55
1.814901

4	0.050000	0.700000	144
1.814901

5	0.700000	0.450000	45
1.814901

13	0.850000	0.150000	95
1.814901

5	0.500000	0.150000	46
1.814901

18	0.600000	0.650000	51
1.814901

12	0.800000	0.300000	86
1.814901

5	0.150000	0.650000	127
1.814901

6	0.050000	0.600000	90
1.814901

13	0.850000	0.150000	98
1.814901

9	0.250000	0.450000	82
1.814901

14	0.400000	0.600000	61
1.814901

9	0.800000	0.100000	102
1.814901

0	0.450000	1.150000	188
0.000000

18	1.200000	0.500000	15
0.000000

9	0.550000	0.500000	62
1.814901

2	0.500000	0.350000	78
1.814901

20	0.550000	0.800000	41
1.814901

19	0.550000	0.800000	49
1.814901

9	0.850000	0.150000	98
1.814901

17	0.600000	0.550000	17
1.791018

6	0.700000	0.450000	47
1.814901

13	0.400000	0.600000	60
1.814901

12	0.500000	0.550000	62
1.814901

22	0.550000	0.850000	45
1.814901

7	0.350000	0.550000	75
1.814901

7	0.350000	0.550000	75
1.814901

5	0.700000	0.450000	46
1.814901

11	0.550000	0.550000	59
1.814901

4	0.450000	0.700000	143
1.814901

12	0.800000	0.150000	99
1.814901

11	0.500000	0.600000	58
1.814901

5	0.700000	0.450000	45
1.814901

12	0.500000	0.850000	62
1.814901

5	0.700000	0.450000	45
1.814901

4	0.100000	0.700000	142
1.814901

13	0.850000	0.150000	95
1.814901

11	0.550000	0.550000	62
1.814901

14	0.950000	0.600000	61
1.814901

6	0.150000	0.950000	126
1.814901

8	0.200000	0.500000	99
1.814901

12	0.550000	0.500000	67
1.814901

12	0.800000	0.200000	90
1.814901

11	0.550000	0.600000	60
1.814901

12	0.750000	0.300000	84
1.814901

15	0.150000	0.500000	80
1.814901

13	0.950000	0.100000	97
1.814901

6	0.050000	0.600000	89
1.814901

13	0.850000	0.150000	30
1.814901

20	0.550000	0.800000	40
1.814901

8	0.800000	0.100000	103
1.814901

11	0.550000	0.550000	58
1.814901

11	0.450000	0.550000	56
1.814901

1	0.850000	0.400000	39
1.814901

18	0.250000	0.650000	68
1.814901

4	0.050000	0.700000	144
1.814901

19	0.600000	0.650000	49
1.814901

10	0.300000	0.450000	82
1.814901

14	0.400000	0.600000	62
1.814901

4	0.450000	0.700000	148
1.814901

7	0.350000	0.550000	70
1.814901

10	0.550000	0.550000	48
1.814901

15	0.100000	0.500000	87
1.814901

12	0.850000	0.150000	100
1.814901

21	0.500000	0.800000	39
1.814901

16	0.550000	0.550000	61
1.814901

6	0.150000	0.950000	123
1.814901

9	0.150000	0.550000	78
1.814901

13	0.950000	0.100000	102
1.814901

7	0.350000	0.550000	74
1.814901

20	0.500000	0.800000	41
1.814901

3	0.000000	0.750000	148
1.814901

13	0.900000	0.100000	91
1.814901

8	0.800000	0.100000	103
1.814901

12	0.800000	0.150000	99
1.814901

11	0.550000	0.550000	64
1.814901

12	0.800000	0.200000	89
1.814901

6	0.050000	1.050000	137
0.000000

5	0.800000	0.400000	34
1.814901

10	0.600000	0.600000	54
1.814901

15	0.100000	0.500000	84
1.814901

12	0.750000	0.250000	87
1.814901

11	0.600000	0.500000	61
1.814901

3	0.000000	0.700000	157
1.814901

13	0.600000	0.600000	46
1.814901

2	0.800000	0.400000	49
1.814901

10	0.550000	0.500000	60
1.814901

11	0.550000	0.550000	61
1.814901

4	0.100000	0.700000	141
1.814901

10	0.850000	0.450000	68
1.814901

12	0.750000	0.250000	91
1.814901

13	0.900000	0.150000	93
1.814901

5	0.500000	0.650000	145
1.814901

4	0.200000	0.900000	126
1.814901

3	0.700000	0.450000	56
1.814901

3	0.800000	0.400000	51
1.814901

12	0.800000	0.250000	87
1.814901

7	0.350000	0.550000	69
1.814901

19	0.500000	0.800000	40
1.814901

2	0.800000	0.400000	49
1.814901

2	0.800000	0.400000	49
1.814901

10	0.550000	0.550000	65
1.814901

7	0.400000	0.550000	69
1.814901

13	0.900000	0.100000	91
1.814901

12	0.750000	0.250000	89
1.814901

6	0.550000	0.550000	43
1.814901

10	0.750000	0.250000	111
1.814901

7	0.350000	0.550000	73
1.814901

4	0.450000	0.700000	149
1.814901

7	0.500000	0.400000	82
1.814901

8	0.700000	0.200000	95
1.814901

4	0.450000	0.700000	143
1.814901

9	0.800000	0.150000	99
1.814901

16	0.550000	0.600000	58
1.814901

20	0.500000	0.800000	41
1.814901

15	0.100000	0.500000	84
1.814901

15	0.100000	0.500000	84
1.814901

12	0.800000	0.200000	90
1.814901

9	0.800000	0.100000	102
1.814901

15	0.800000	0.650000	22
1.814901

11	0.900000	0.100000	90
1.814901

7	0.600000	0.750000	8
1.387926

19	0.700000	0.500000	4
0.740463

15	0.800000	0.100000	1
0.086018

14	0.300000	0.400000	43
1.814901

7	0.900000	0.150000	77
1.814901

11	0.050000	0.850000	80
1.814901

17	0.450000	0.150000	37
1.814901

14	0.800000	0.000000	46
1.814901

17	0.850000	0.100000	18
1.797115

9	0.200000	0.100000	35
1.814901

3	0.350000	0.000000	63
1.814901

6	0.350000	0.900000	6
1.162405

18	0.350000	0.950000	98
1.814901

15	0.600000	0.950000	7
1.298226

18	0.600000	0.650000	18
1.797115

8	0.750000	0.450000	27
1.814901

9	0.400000	0.200000	3
0.502786

5	0.800000	0.500000	39
1.814901

8	0.750000	0.450000	74
1.814901

1	1.000000	0.750000	55
0.179082

19	0.350000	0.750000	64
1.814901

18	0.500000	0.550000	59
1.814901

8	0.650000	0.100000	51
1.814901

1	0.300000	0.200000	69
1.814901

18	0.050000	0.450000	17
1.791018

10	0.400000	0.700000	81
1.814901

16	0.950000	0.800000	87
1.814901

13	0.200000	0.700000	76
1.814901

8	0.350000	0.050000	61
1.814901

17	0.600000	0.900000	2
0.288619

13	0.200000	0.700000	76
1.814901

13	0.200000	0.700000	76
1.814901

8	0.750000	0.100000	43
1.814901

10	0.400000	1.000000	127
0.141704

3	0.300000	0.500000	36
1.814901

0	0.350000	0.100000	69
1.814901

7	0.800000	0.450000	73
1.814901

13	0.150000	0.700000	76
1.814901

4	0.300000	0.950000	4
0.740463

16	0.850000	0.600000	23
1.814901

8	0.700000	0.500000	25
1.814901

14	0.600000	0.950000	8
1.387926

10	0.400000	0.700000	81
1.814901

10	0.400000	0.700000	81
1.814901

14	0.800000	0.000000	45
1.814901

16	0.450000	0.150000	37
1.814901

5	0.300000	0.100000	53
1.814901

15	0.100000	0.350000	26
1.814901

8	0.750000	0.450000	74
1.814901

14	0.800000	0.000000	45
1.814901

10	1.000000	0.050000	107
0.179082

15	0.500000	1.150000	10
0.000000

3	0.200000	1.150000	3
0.000000

19	1.000000	0.100000	20
0.179082

2	0.150000	0.200000	81
1.814901

20	1.000000	0.650000	5
0.149813

15	0.600000	1.000000	3
0.136826

2	0.350000	0.050000	58
1.814901

14	0.800000	0.000000	45
1.814901

14	0.800000	0.000000	45
1.814901

10	0.400000	0.800000	86
1.814901

5	0.250000	0.000000	48
1.814901

17	0.650000	1.200000	4
0.000000

0	0.250000	0.300000	70
1.814901

16	0.850000	0.600000	24
1.814901

5	0.350000	0.950000	5
0.986463

16	0.550000	0.100000	89
1.814901

14	0.750000	0.050000	44
1.814901

13	0.100000	0.700000	75
1.814901

9	0.450000	0.700000	81
1.814901

17	0.900000	0.800000	13
1.665240

3	0.150000	0.050000	62
1.814901

16	0.850000	0.600000	25
1.814901

14	0.800000	0.050000	44
1.814901

1	0.350000	0.050000	64
1.814901

4	0.350000	0.050000	58
1.814901

2	0.350000	0.000000	62
1.814901

8	0.850000	0.450000	74
1.814901

15	0.800000	0.150000	27
1.814901

13	0.200000	0.700000	72
1.814901

15	0.000000	0.400000	23
1.814901

14	0.900000	0.850000	48
1.814901

18	0.300000	0.400000	44
1.814901

13	0.150000	0.700000	74
1.814901

15	0.200000	0.400000	25
1.814901

15	0.750000	0.600000	24
1.814901

3	0.200000	0.050000	56
1.814901

15	0.450000	0.150000	39
1.814901

16	0.850000	0.000000	20
1.814901

16	0.500000	0.100000	93
1.814901

9	0.400000	0.750000	75
1.814901

4	0.300000	0.600000	46
1.814901

4	0.250000	0.050000	45
1.814901

17	0.550000	0.150000	91
1.814901

3	0.150000	0.100000	61
1.814901

9	0.450000	0.700000	82
1.814901

14	0.750000	0.000000	45
1.814901

15	0.200000	0.400000	24
1.814901

15	0.750000	0.400000	30
1.814901

14	0.800000	0.200000	38
1.814901

12	0.550000	0.450000	67
1.814901

12	0.600000	0.400000	62
1.814901

14	0.750000	0.950000	35
1.814901

9	0.850000	0.500000	64
1.814901

2	0.400000	0.050000	63
1.814901

13	0.800000	0.000000	46
1.814901

16	0.100000	0.850000	79
1.814901

1	0.250000	0.200000	51
1.814901

13	0.200000	0.800000	72
1.814901

15	0.750000	0.600000	24
1.814901

5	0.250000	0.000000	48
1.814901

5	0.250000	0.000000	48
1.814901

14	0.550000	0.050000	43
1.814901

13	0.850000	0.000000	10
1.573313

15	0.050000	0.300000	2
0.288619

12	0.250000	0.800000	93
1.814901

14	0.800000	0.000000	45
1.814901

14	0.750000	0.050000	44
1.814901

4	0.300000	0.600000	46
1.814901

3	0.150000	0.100000	61
1.814901

14	0.800000	0.000000	45
1.814901

15	0.200000	0.050000	24
1.814901

9	0.200000	0.750000	75
1.814901

1	0.250000	0.200000	51
1.814901

15	0.750000	0.400000	30
1.814901

14	0.750000	0.950000	35
1.814901

12	0.700000	0.150000	54
1.814901

10	0.500000	0.550000	74
1.814901

14	0.800000	0.000000	45
1.814901

14	0.500000	0.050000	73
1.814901

12	0.600000	0.400000	63
1.814901

13	0.750000	0.050000	48
1.814901

12	0.600000	0.400000	62
1.814901

9	0.850000	0.500000	64
1.814901

0	0.000000	0.050000	45
1.814901

19	1.050000	0.350000	45
0.000000

13	0.850000	0.000000	28
1.814901

16	0.450000	0.100000	109
1.814901

14	0.800000	1.000000	32
0.141704

12	0.550000	0.450000	80
1.814901

15	0.900000	0.500000	12
1.638582

16	0.050000	0.900000	91
1.814901

16	0.750000	0.600000	21
1.814901

12	0.250000	0.800000	96
1.814901

3	0.350000	0.050000	57
1.814901

3	0.300000	0.050000	51
1.814901

5	0.300000	0.000000	50
1.814901

15	0.500000	0.100000	91
1.814901

11	0.850000	0.000000	48
1.814901

17	0.200000	1.050000	98
0.000000

4	0.300000	0.600000	46
1.814901

13	0.850000	0.100000	28
1.814901

12	0.550000	0.500000	79
1.814901

10	0.650000	0.500000	64
1.814901

5	0.050000	0.400000	49
1.814901

19	1.000000	0.350000	56
0.179082

18	0.900000	0.550000	9
1.458818

12	0.600000	0.400000	65
1.814901

15	0.850000	0.050000	29
1.814901

14	0.800000	0.050000	39
1.814901

12	0.450000	0.050000	71
1.814901

5	0.200000	0.050000	63
1.814901

10	0.900000	0.450000	66
1.814901

3	0.250000	0.600000	43
1.814901

2	0.300000	0.100000	50
1.814901

13	0.700000	0.850000	36
1.814901

10	0.500000	0.500000	74
1.814901

14	0.500000	0.100000	73
1.814901

16	0.850000	0.050000	23
1.814901

12	0.750000	0.800000	93
1.814901

15	1.000000	1.100000	52
0.000000

16	0.250000	0.400000	168
1.814901

25	1.250000	0.300000	45
0.000000

9	0.250000	0.450000	54
1.814901

10	0.800000	0.450000	63
1.814901

12	0.700000	0.150000	55
1.814901

12	0.250000	0.850000	97
1.814901

1	0.250000	0.200000	51
1.814901

13	0.700000	0.900000	36
1.814901

14	0.800000	0.050000	39
1.814901

13	0.750000	0.750000	38
1.814901

14	0.400000	0.150000	43
1.814901

2	0.300000	0.100000	50
1.814901

4	0.300000	0.550000	46
1.814901

8	0.750000	0.350000	61
1.814901

2	0.300000	0.950000	52
1.814901

15	1.000000	0.050000	29
0.179082

14	0.500000	0.100000	73
1.814901

4	0.250000	0.200000	50
1.814901

2	0.250000	0.100000	50
1.814901

12	0.750000	0.800000	86
1.814901

12	0.250000	0.850000	97
1.814901

13	0.750000	0.700000	84
1.814901

15	0.850000	0.150000	32
1.814901

12	0.850000	0.000000	47
1.814901

13	0.800000	0.000000	45
1.814901

16	0.350000	0.350000	4
0.740463

15	0.750000	0.050000	40
1.814901

13	0.750000	0.100000	40
1.814901

5	0.350000	0.550000	46
1.814901

11	0.400000	0.000000	68
1.814901

3	0.300000	0.100000	53
1.814901

11	0.300000	0.500000	56
1.814901

15	0.900000	0.150000	69
1.814901

11	0.600000	0.500000	75
1.814901

10	0.750000	0.450000	67
1.814901

12	0.550000	0.350000	68
1.814901

16	0.250000	0.150000	165
1.814901

4	0.300000	0.550000	44
1.814901

11	0.800000	0.450000	69
1.814901

15	0.350000	0.100000	150
1.814901

12	0.750000	0.000000	61
1.814901

12	0.350000	0.400000	69
1.814901

30	1.450000	0.450000	13
0.000000

11	0.550000	0.650000	67
1.814901

10	0.600000	0.300000	67
1.814901

11	1.100000	1.400000	126
0.000000

15	0.100000	0.500000	3
0.502786

5	0.350000	0.550000	46
1.814901

11	0.850000	0.000000	48
1.814901

2	0.300000	0.050000	50
1.814901

4	0.750000	0.500000	47
1.814901

14	0.800000	0.050000	41
1.814901

12	0.850000	0.000000	61
1.814901

15	0.800000	0.200000	34
1.814901

12	0.250000	0.800000	95
1.814901

16	0.950000	0.200000	36
1.814901

0	0.050000	0.300000	54
1.814901

8	0.750000	0.400000	62
1.814901

10	0.750000	0.450000	66
1.814901

5	0.350000	0.500000	50
1.814901

16	0.250000	0.150000	161
1.814901

5	0.600000	0.750000	52
1.814901

12	0.350000	0.800000	82
1.814901

12	0.250000	0.800000	93
1.814901

5	0.300000	0.600000	50
1.814901

10	0.400000	0.000000	66
1.814901

4	0.250000	0.200000	52
1.814901

13	0.350000	0.750000	90
1.814901

15	0.250000	0.200000	153
1.814901

5	0.300000	0.500000	51
1.814901

12	0.750000	0.000000	42
1.814901

10	0.750000	0.500000	67
1.814901

12	0.400000	0.800000	82
1.814901

16	0.350000	0.100000	151
1.814901

12	0.250000	0.800000	95
1.814901

16	0.300000	0.100000	155
1.814901

4	0.350000	0.550000	41
1.814901

13	0.750000	0.750000	37
1.814901

5	0.300000	0.600000	50
1.814901

8	1.150000	0.150000	43
0.000000

14	0.150000	1.100000	119
0.000000

12	0.450000	0.650000	78
1.814901

12	0.750000	0.150000	65
1.814901

16	0.900000	0.200000	37
1.814901

5	0.350000	0.600000	50
1.814901

12	0.350000	0.400000	69
1.814901

5	0.600000	0.750000	52
1.814901

11	0.350000	0.750000	74
1.814901

7	0.350000	0.700000	54
1.814901

12	0.350000	0.800000	82
1.814901

12	0.350000	0.800000	82
1.814901

15	0.350000	0.100000	139
1.814901

12	0.250000	0.000000	69
1.814901

12	0.250000	0.800000	95
1.814901

15	0.800000	0.900000	34
1.814901

12	0.100000	1.050000	111
0.000000

15	0.950000	0.200000	23
1.814901

12	0.250000	0.800000	95
1.814901

13	0.350000	0.750000	90
1.814901

17	0.950000	0.200000	36
1.814901

4	0.300000	0.600000	51
1.814901

10	0.700000	0.500000	66
1.814901

5	0.350000	0.600000	51
1.814901

13	0.650000	0.750000	46
1.814901

13	0.450000	0.800000	74
1.814901

15	0.950000	0.150000	25
1.814901

13	0.350000	0.700000	57
1.814901

12	0.950000	0.150000	56
1.814901

13	0.250000	1.000000	87
0.141704

12	0.750000	0.000000	42
1.814901

15	0.950000	0.200000	153
1.814901

14	0.350000	0.750000	96
1.814901

4	0.300000	0.500000	38
1.814901

0	0.300000	0.800000	14
1.729746

19	0.400000	0.050000	176
1.814901

7	0.200000	0.000000	120
1.814901

4	0.150000	0.250000	88
1.814901

6	0.400000	0.700000	54
1.814901

5	0.600000	0.750000	52
1.814901

17	0.450000	0.150000	146
1.814901

17	0.400000	0.450000	63
1.814901

8	0.700000	0.900000	100
1.814901

18	1.050000	0.600000	7
0.000000

12	0.750000	0.050000	44
1.814901

12	0.400000	0.750000	80
1.814901

12	0.250000	0.800000	95
1.814901

5	0.300000	0.500000	51
1.814901

13	0.050000	0.450000	45
1.814901

19	0.600000	0.050000	33
1.814901

10	0.200000	0.000000	68
1.814901

18	0.400000	0.350000	28
1.814901

16	0.450000	0.650000	7
1.298226

5	0.500000	0.500000	98
1.814901

3	0.650000	0.750000	94
1.814901

1	0.050000	0.550000	48
1.814901

10	0.050000	0.550000	38
1.814901

10	0.000000	0.450000	27
1.814901

12	0.850000	0.650000	19
1.810836

16	0.900000	0.300000	93
1.814901

14	0.950000	0.350000	58
1.814901

14	0.350000	0.550000	26
1.814901

13	0.900000	0.150000	29
1.814901

14	0.500000	0.450000	17
1.791018

14	0.650000	0.400000	70
1.814901

8	0.150000	0.950000	25
1.814901

7	0.550000	0.400000	45
1.814901

12	0.200000	0.650000	73
1.814901

1	0.200000	0.950000	71
1.814901

5	0.700000	0.000000	99
1.814901

5	0.500000	0.900000	17
1.791018

11	0.700000	0.950000	67
1.814901

14	0.950000	0.500000	52
1.814901

12	0.700000	0.200000	33
1.814901

7	0.150000	0.000000	76
1.814901

5	0.200000	0.650000	90
1.814901

12	0.300000	0.650000	42
1.814901

19	0.900000	0.550000	53
1.814901

2	0.250000	0.900000	64
1.814901

10	0.800000	0.700000	25
1.814901

1	0.200000	0.850000	70
1.814901

9	0.200000	0.100000	68
1.814901

2	0.650000	0.750000	70
1.814901

12	0.900000	0.650000	15
1.760887

16	0.450000	0.650000	5
0.986463

13	0.350000	0.550000	27
1.814901

13	0.650000	0.350000	25
1.814901

14	0.500000	0.500000	14
1.729746

11	0.200000	0.650000	68
1.814901

10	0.000000	0.500000	31
1.814901

10	0.700000	0.750000	69
1.814901

14	0.500000	0.400000	14
1.729746

5	0.500000	0.900000	17
1.791018

5	0.500000	0.900000	17
1.791018

5	0.200000	0.650000	84
1.814901

13	0.450000	0.450000	22
1.814901

7	0.650000	0.500000	84
1.814901

11	0.850000	0.500000	77
1.814901

7	0.550000	0.400000	42
1.814901

4	0.500000	0.500000	100
1.814901

53	1.450000	1.800000	38
0.000000

27	0.000000	0.550000	14
1.729746

8	0.250000	0.400000	97
1.814901

13	1.300000	1.050000	10
0.000000

13	0.500000	0.500000	14
1.729746

19	0.600000	0.750000	35
1.814901

13	0.500000	0.450000	21
1.814901

3	0.650000	0.700000	89
1.814901

1	0.050000	0.850000	71
1.814901

5	0.200000	0.650000	84
1.814901

7	0.350000	0.550000	82
1.814901

2	0.300000	0.900000	66
1.814901

8	0.400000	0.500000	107
1.814901

13	0.550000	0.600000	4
0.740463

15	0.650000	0.550000	1
0.086018

12	0.100000	0.400000	53
1.814901

10	0.550000	0.150000	31
1.814901

15	0.400000	0.400000	28
1.814901

10	0.000000	0.500000	31
1.814901

13	0.500000	0.500000	14
1.729746

1	0.650000	0.800000	38
1.814901

7	0.550000	0.350000	39
1.814901

3	0.500000	0.800000	81
1.814901

2	0.400000	0.850000	73
1.814901

11	0.250000	0.500000	22
1.814901

11	0.250000	0.500000	23
1.814901

13	0.550000	0.450000	21
1.814901

13	0.600000	0.350000	24
1.814901

7	0.650000	0.500000	85
1.814901

11	0.700000	0.750000	68
1.814901

9	0.200000	0.100000	66
1.814901

18	0.600000	0.050000	34
1.814901

2	0.300000	0.900000	64
1.814901

10	0.800000	0.700000	25
1.814901

14	0.500000	0.500000	14
1.729746

13	0.500000	0.500000	14
1.729746

7	0.700000	0.500000	86
1.814901

12	0.150000	0.650000	67
1.814901

10	0.000000	0.500000	29
1.814901

2	0.400000	0.850000	74
1.814901

11	0.150000	0.650000	64
1.814901

10	0.750000	0.700000	27
1.814901

11	0.250000	0.500000	22
1.814901

11	0.250000	0.500000	23
1.814901

13	0.500000	0.500000	14
1.729746

13	0.500000	0.500000	14
1.729746

8	0.550000	0.550000	65
1.814901

13	0.550000	0.300000	50
1.814901

2	0.250000	0.900000	65
1.814901

2	0.100000	0.850000	70
1.814901

22	0.550000	0.100000	18
1.797115

3	0.650000	0.650000	102
1.814901

7	0.350000	0.550000	82
1.814901

7	0.350000	0.550000	82
1.814901

3	0.400000	0.800000	69
1.814901

9	0.550000	0.200000	35
1.814901

11	0.800000	0.750000	16
1.776554

6	0.600000	0.450000	95
1.814901

1	0.050000	0.850000	71
1.814901

13	0.600000	0.350000	23
1.814901

4	0.350000	0.800000	65
1.814901

8	0.100000	0.550000	38
1.814901

9	0.100000	0.050000	95
1.814901

10	0.150000	0.200000	3
0.502786

2	0.300000	0.900000	66
1.814901

2	0.400000	0.850000	73
1.814901

7	0.400000	0.600000	8
1.387926

13	0.700000	0.250000	30
1.814901

6	0.300000	0.500000	90
1.814901

11	0.800000	0.700000	19
1.810836

8	0.050000	0.100000	93
1.814901

2	0.050000	0.800000	73
1.814901

10	0.050000	0.500000	31
1.814901

2	0.400000	0.850000	72
1.814901

12	0.500000	0.350000	77
1.814901

8	0.400000	0.500000	76
1.814901

2	0.150000	0.850000	22
1.814901

2	0.350000	0.850000	73
1.814901

6	0.600000	0.450000	95
1.814901

11	0.250000	0.500000	22
1.814901

11	0.250000	0.500000	27
1.814901

7	0.350000	0.550000	78
1.814901

14	0.800000	0.200000	24
1.814901

2	0.700000	0.850000	71
1.814901

2	0.250000	0.800000	73
1.814901

12	0.850000	0.700000	19
1.810836

5	0.400000	0.650000	80
1.814901

3	1.000000	0.750000	76
0.179082

24	0.650000	0.250000	11
1.611076

0	0.000000	1.000000	53
0.141704

6	0.350000	0.550000	24
1.814901

8	0.600000	0.550000	61
1.814901

12	0.500000	0.500000	15
1.760887

4	0.350000	0.800000	64
1.814901

15	0.650000	0.500000	4
0.740463

6	0.050000	0.550000	48
1.814901

1	0.000000	1.000000	89
0.141704

15	0.300000	0.350000	5
0.986463

8	0.100000	0.100000	93
1.814901

5	0.400000	0.650000	80
1.814901

12	0.900000	0.650000	16
1.776554

1	0.000000	0.800000	76
1.814901

12	0.500000	0.350000	79
1.814901

12	0.500000	0.350000	77
1.814901

13	0.950000	0.350000	20
1.814901

22	0.550000	0.100000	13
1.665240

7	0.500000	0.450000	64
1.814901

3	0.400000	0.800000	3
0.502786

2	0.250000	0.800000	73
1.814901

2	0.050000	0.800000	73
1.814901

6	0.350000	0.550000	20
1.814901

7	0.350000	0.550000	82
1.814901

2	0.300000	0.800000	81
1.814901

2	0.700000	0.850000	71
1.814901

15	0.900000	0.100000	24
1.814901

10	0.150000	0.550000	27
1.814901

8	0.000000	0.200000	79
1.814901

7	0.250000	0.450000	37
1.814901

14	0.800000	0.200000	24
1.814901

10	0.000000	0.450000	29
1.814901

4	0.200000	1.000000	108
0.141704

20	0.600000	0.250000	28
1.814901

14	0.800000	0.150000	14
1.729746

12	0.450000	0.550000	15
1.760887

6	0.350000	0.550000	23
1.814901

11	0.250000	0.500000	27
1.814901

12	0.850000	0.700000	19
1.810836

11	0.800000	0.700000	19
1.810836

7	0.500000	0.450000	61
1.814901

6	0.350000	0.550000	23
1.814901

2	0.300000	0.800000	81
1.814901

10	0.150000	0.550000	27
1.814901

12	0.850000	0.450000	28
1.814901

4	0.200000	0.750000	65
1.814901

11	0.750000	0.650000	22
1.814901

8	0.350000	0.500000	34
1.814901

18	0.450000	0.300000	15
1.760887

12	0.150000	0.400000	16
1.776554

6	0.300000	0.500000	91
1.814901

10	0.150000	0.550000	27
1.814901

12	0.800000	0.650000	18
1.797115

21	0.600000	0.050000	13
1.665240

8	0.050000	0.150000	91
1.814901

3	0.650000	0.800000	72
1.814901

11	0.500000	0.350000	79
1.814901

7	0.350000	0.550000	71
1.814901

10	0.000000	0.500000	30
1.814901

14	0.850000	0.150000	24
1.814901

8	0.650000	0.250000	73
1.814901

7	0.200000	0.400000	43
1.814901

6	0.600000	0.450000	69
1.814901

10	0.050000	0.500000	26
1.814901

11	0.100000	0.600000	23
1.814901

6	0.550000	0.450000	68
1.814901

5	0.400000	0.700000	62
1.814901

9	0.800000	0.450000	31
1.814901

13	0.800000	0.200000	18
1.797115

3	0.700000	0.800000	66
1.814901

7	0.550000	0.550000	74
1.814901

11	0.750000	0.650000	18
1.797115

17	0.650000	0.200000	16
1.776554

14	0.700000	0.850000	19
1.810836

11	0.750000	0.650000	22
1.814901

8	0.050000	0.150000	91
1.814901

13	0.800000	0.200000	32
1.814901

8	0.600000	0.400000	60
1.814901

17	0.200000	0.600000	2
0.288619

6	0.750000	0.400000	95
1.814901

12	0.800000	0.650000	18
1.797115

12	0.800000	0.650000	18
1.797115

12	0.550000	0.300000	78
1.814901

1	0.250000	0.850000	81
1.814901

12	0.800000	0.650000	19
1.810836

8	0.650000	0.250000	73
1.814901

12	0.850000	0.450000	27
1.814901

7	0.350000	0.550000	72
1.814901

10	0.850000	0.400000	22
1.814901

1	0.600000	0.900000	81
1.814901

10	0.100000	0.550000	27
1.814901

12	0.900000	0.750000	28
1.814901

10	0.150000	0.550000	27
1.814901

10	0.150000	0.550000	27
1.814901

6	0.250000	0.400000	46
1.814901

11	0.150000	0.600000	24
1.814901

4	0.400000	0.650000	61
1.814901

8	0.150000	0.500000	72
1.814901

8	0.600000	0.600000	55
1.814901

16	0.600000	0.200000	30
1.814901

8	0.050000	0.250000	60
1.814901

7	0.250000	0.450000	76
1.814901

8	0.150000	0.500000	73
1.814901

12	0.800000	0.650000	18
1.797115

6	0.100000	0.800000	71
1.814901

8	0.900000	0.050000	73
1.814901

8	0.600000	0.600000	55
1.814901

8	0.650000	0.250000	73
1.814901

13	0.800000	0.200000	32
1.814901

10	0.850000	0.400000	9
1.458818

8	0.950000	0.150000	88
1.814901

15	0.550000	0.200000	33
1.814901

14	0.700000	0.850000	19
1.810836

4	0.800000	0.650000	18
1.797115

9	0.100000	0.850000	136
1.814901

26	1.050000	0.850000	35
0.000000

13	0.800000	0.200000	33
1.814901

8	0.150000	0.500000	72
1.814901

17	0.350000	0.650000	57
1.814901

10	0.150000	0.500000	31
1.814901

12	0.850000	0.500000	27
1.814901

12	0.900000	0.700000	28
1.814901

12	0.100000	0.550000	18
1.797115

2	0.450000	0.700000	69
1.814901

8	0.600000	0.850000	50
1.814901

8	0.650000	0.150000	78
1.814901

12	0.800000	0.250000	41
1.814901

7	0.750000	0.400000	87
1.814901

4	0.400000	0.650000	82
1.814901

6	0.250000	0.400000	46
1.814901

11	0.750000	0.250000	47
1.814901

9	0.450000	0.250000	66
1.814901

6	0.750000	0.650000	21
1.814901

7	0.650000	0.600000	52
1.814901

8	0.950000	0.100000	73
1.814901

6	0.050000	0.850000	71
1.814901

13	0.900000	0.950000	3
0.502786

18	0.150000	0.550000	80
1.814901

7	0.700000	0.450000	86
1.814901

9	1.050000	0.050000	89
0.000000

14	0.700000	0.800000	22
1.814901

7	0.950000	0.550000	70
1.814901

7	0.000000	0.250000	61
1.814901

13	0.850000	0.200000	30
1.814901

9	0.950000	0.150000	70
1.814901

7	0.700000	0.500000	90
1.814901

12	0.750000	0.250000	41
1.814901

6	0.250000	0.400000	46
1.814901

10	0.200000	0.550000	68
1.814901

14	0.300000	0.600000	60
1.814901

12	0.250000	0.900000	152
1.814901

5	0.600000	0.650000	54
1.814901

2	0.500000	0.700000	72
1.814901

7	0.200000	0.400000	43
1.814901

6	0.150000	0.400000	72
1.814901

4	0.350000	0.650000	81
1.814901

3	0.550000	0.600000	70
1.814901

18	0.900000	0.050000	73
1.814901

13	0.550000	0.200000	33
1.814901

3	0.800000	0.650000	18
1.797115

11	0.850000	0.450000	60
1.814901

2	0.700000	0.800000	4
0.740463

6	0.900000	0.800000	70
1.814901

3	0.250000	0.500000	61
1.814901

13	0.750000	0.450000	6
1.162405

9	0.450000	0.600000	46
1.814901

3	0.750000	0.750000	82
1.814901

15	0.850000	0.800000	14
1.729746

9	0.900000	0.850000	81
1.814901

14	0.050000	0.550000	22
1.814901

7	0.450000	0.500000	21
1.814901

