   0 	 0.000000 	 1.739723 	 1.799713
   1 	 1.799713 	 1.799713 	 1.799713
   2 	 1.799713 	 1.799713 	 1.799713
   3 	 1.799713 	 1.799713 	 1.799713
   4 	 1.799713 	 1.799713 	 1.799713
   5 	 1.799713 	 1.799713 	 1.799713
   6 	 1.799713 	 1.799713 	 1.799713
   7 	 1.799713 	 1.799713 	 1.799713
   8 	 1.799713 	 1.799713 	 1.799713
   9 	 1.799713 	 1.799713 	 1.799713
   0 	 0.000000 	 1.619742 	 1.799713
   1 	 1.799713 	 1.799713 	 1.799713
   2 	 1.799713 	 1.799713 	 1.799713
   3 	 1.799713 	 1.799713 	 1.799713
   4 	 1.799713 	 1.799713 	 1.799713
   5 	 1.799713 	 1.799713 	 1.799713
   6 	 1.799713 	 1.799713 	 1.799713
   7 	 1.799713 	 1.799713 	 1.799713
   8 	 1.799713 	 1.799713 	 1.799713
   9 	 1.799713 	 1.799713 	 1.799713
   0 	 0.000000 	 1.739723 	 1.799713
   1 	 1.799713 	 1.799713 	 1.799713
   2 	 1.799713 	 1.799713 	 1.799713
   3 	 1.799713 	 1.799713 	 1.799713
   4 	 1.799713 	 1.799713 	 1.799713
   5 	 1.799713 	 1.799713 	 1.799713
   6 	 1.799713 	 1.799713 	 1.799713
   7 	 1.799713 	 1.799713 	 1.799713
   8 	 1.799713 	 1.799713 	 1.799713
   9 	 1.799713 	 1.799713 	 1.799713
   0 	 1.799713 	 1.799713 	 1.799713
   1 	 1.799713 	 1.799713 	 1.799713
   2 	 1.799713 	 1.799713 	 1.799713
   3 	 1.799713 	 1.799713 	 1.799713
   4 	 1.799713 	 1.799713 	 1.799713
   5 	 1.799713 	 1.799713 	 1.799713
   6 	 1.799713 	 1.799713 	 1.799713
   7 	 1.799713 	 1.799713 	 1.799713
   8 	 1.799713 	 1.799713 	 1.799713
   9 	 1.799713 	 1.799713 	 1.799713
   0 	 0.000000 	 1.679733 	 1.799713
   1 	 1.799713 	 1.799713 	 1.799713
   2 	 1.799713 	 1.799713 	 1.799713
   3 	 1.799713 	 1.799713 	 1.799713
   4 	 1.799713 	 1.799713 	 1.799713
   5 	 1.799713 	 1.799713 	 1.799713
   6 	 1.799713 	 1.799713 	 1.799713
   7 	 1.799713 	 1.799713 	 1.799713
   8 	 1.799713 	 1.799713 	 1.799713
   9 	 1.799713 	 1.799713 	 1.799713
