   0 	 1.814770 	 1.814770 	 1.814770
   1 	 1.814770 	 1.814770 	 1.814770
   2 	 1.814770 	 1.814770 	 1.814770
   3 	 1.814770 	 1.814770 	 1.814770
   4 	 1.814770 	 1.814770 	 1.814770
   5 	 1.814770 	 1.814770 	 1.814770
   6 	 1.814770 	 1.814770 	 1.814770
   7 	 1.814770 	 1.814770 	 1.814770
   8 	 1.814770 	 1.814770 	 1.814770
   9 	 1.814770 	 1.814770 	 1.814770
   0 	 1.814770 	 1.814770 	 1.814770
   1 	 1.814770 	 1.814770 	 1.814770
   2 	 1.814770 	 1.814770 	 1.814770
   3 	 1.814770 	 1.814770 	 1.814770
   4 	 1.810008 	 1.814611 	 1.814770
   5 	 1.796966 	 1.814104 	 1.814770
   6 	 1.814770 	 1.814770 	 1.814770
   7 	 1.814770 	 1.814770 	 1.814770
   8 	 1.807825 	 1.814538 	 1.814770
   9 	 1.812605 	 1.814698 	 1.814770
   0 	 1.814770 	 1.814770 	 1.814770
   1 	 1.814770 	 1.814770 	 1.814770
   2 	 1.814770 	 1.814770 	 1.814770
   3 	 1.814770 	 1.814770 	 1.814770
   4 	 1.814770 	 1.814770 	 1.814770
   5 	 1.814770 	 1.814770 	 1.814770
   6 	 1.814770 	 1.814770 	 1.814770
   7 	 1.814770 	 1.814770 	 1.814770
   8 	 1.803063 	 1.814380 	 1.814770
   9 	 1.814770 	 1.814770 	 1.814770
   0 	 1.807843 	 1.814539 	 1.814770
   1 	 1.807843 	 1.814539 	 1.814770
   2 	 1.807843 	 1.814539 	 1.814770
   3 	 1.814770 	 1.814770 	 1.814770
   4 	 1.811298 	 1.814654 	 1.814770
   5 	 1.805679 	 1.814395 	 1.814770
   6 	 1.803063 	 1.814307 	 1.814770
   7 	 1.814770 	 1.814770 	 1.814770
   8 	 1.810705 	 1.814634 	 1.814770
   9 	 1.807843 	 1.814539 	 1.814770
   0 	 1.814770 	 1.814770 	 1.814770
   1 	 1.814770 	 1.814770 	 1.814770
   2 	 1.814770 	 1.814770 	 1.814770
   3 	 1.814770 	 1.814770 	 1.814770
   4 	 1.814770 	 1.814770 	 1.814770
   5 	 1.814770 	 1.814770 	 1.814770
   6 	 1.814770 	 1.814770 	 1.814770
   7 	 1.814770 	 1.814770 	 1.814770
   8 	 1.814770 	 1.814770 	 1.814770
   9 	 1.814770 	 1.814770 	 1.814770
