11	44	32 
1.814770

7	41	70 
1.814770

3	8	14 
1.814770

3	47	46 
1.814770

3	35	81 
1.814770

8	22	81 
1.814770

14	44	67 
1.814770

6	43	50 
1.814770

10	33	29 
1.814770

11	6	12 
1.814770

19	3	44 
1.814770

7	39	59 
1.814770

7	33	21 
1.814770

12	45	16 
1.814770

3	6	64 
1.814770

3	15	35 
1.814770

14	4	40 
1.814770

4	8	80 
1.814770

6	11	3 
1.814770

17	11	52 
1.814770

11	3	53 
1.814770

7	47	48 
1.814770

3	33	13 
1.814770

6	26	21 
1.814770

15	13	87 
1.814770

14	12	50 
1.814770

13	45	93 
1.814770

4	11	69 
1.814770

4	10	93 
1.814770

8	31	17 
1.814770

3	8	11 
1.814770

14	3	37 
1.814770

13	45	93 
1.814770

10	2	52 
1.814770

6	33	16 
1.814770

8	38	85 
1.814770

1	42	39 
1.814770

18	44	89 
1.814770

4	10	74 
1.814770

9	30	34 
1.814770

3	13	67 
1.814770

3	44	47 
1.814770

2	15	29 
1.814770

4	7	85 
1.814770

14	44	99 
1.814770

1	47	39 
1.814770

7	39	57 
1.814770

7	46	49 
1.814770

5	37	15 
1.814770

15	7	66 
1.814770

4	11	68 
1.814770

5	32	21 
1.814770

7	38	44 
1.814770

10	3	53 
1.814770

23	1	51 
1.814770

1	9	6 
1.814770

19	2	44 
1.814770

9	33	28 
1.814770

6	37	47 
1.814770

13	20	10 
1.814770

7	34	77 
1.814770

3	11	18 
1.814770

3	41	45 
1.814770

2	13	82 
1.814770

6	50	47 
1.814770

16	3	67 
1.814770

8	28	34 
1.814770

19	17	30 
1.814770

5	37	14 
1.814770

6	37	48 
1.814770

4	8	90 
1.814770

2	18	7 
1.814770

10	4	52 
1.814770

6	35	47 
1.814770

3	40	37 
1.814770

5	12	71 
1.814770

5	40	2 
1.814770

4	3	92 
1.814770

7	38	45 
1.814770

10	43	33 
1.814770

11	43	30 
1.814770

2	44	49 
1.814770

2	16	7 
1.814770

19	46	92 
1.814770

10	7	52 
1.814770

7	42	49 
1.814770

9	33	28 
1.814770

3	8	11 
1.814770

5	36	41 
1.814770

20	45	95 
1.814770

3	38	42 
1.814770

20	15	28 
1.814770

16	3	67 
1.814770

4	12	71 
1.814770

19	46	92 
1.814770

3	40	37 
1.814770

1	39	32 
1.814770

21	46	97 
1.814770

5	39	45 
1.814770

17	0	70 
1.814770

1	23	68 
1.814770

15	55	12 
1.814770

2	17	9 
1.814770

2	38	35 
1.814770

2	16	7 
1.814770

2	16	99 
1.814770

2	16	7 
1.814770

5	12	33 
1.814770

10	22	48 
1.814770

3	43	0 
0.000000

11	58	135 
1.814770

0	15	47 
1.814770

10	34	29 
1.814770

11	42	30 
1.814770

6	35	44 
1.814770

5	37	17 
1.814770

6	74	24 
1.814770

3	20	115 
1.814770

19	46	88 
1.814770

12	44	34 
1.814770

5	39	42 
1.814770

17	45	81 
1.814770

14	49	19 
1.814770

11	28	42 
1.814770

21	47	100 
1.814770

2	16	7 
1.814770

3	46	54 
1.814770

2	8	4 
1.814770

3	20	115 
1.814770

5	12	33 
1.814770

2	39	37 
1.814770

2	38	35 
1.814770

0	16	49 
1.814770

5	38	19 
1.814770

18	44	81 
1.814770

11	35	35 
1.814770

19	16	29 
1.814770

4	36	35 
1.814770

2	45	25 
1.814770

3	27	125 
1.814770

20	15	29 
1.814770

19	45	87 
1.814770

5	30	33 
1.814770

4	19	55 
1.814770

1	25	46 
1.814770

4	37	39 
1.814770

0	38	33 
1.814770

16	56	11 
1.814770

21	46	97 
1.814770

11	42	30 
1.814770

0	14	46 
1.814770

2	37	34 
1.814770

5	16	32 
1.814770

23	53	95 
1.814770

20	45	88 
1.814770

0	37	35 
1.814770

18	48	80 
1.814770

3	23	117 
1.814770

12	43	68 
1.814770

23	46	100 
1.814770

4	36	38 
1.814770

2	17	8 
1.814770

13	46	18 
1.814770

3	19	8 
1.814770

5	35	39 
1.814770

10	29	41 
1.814770

21	47	99 
1.814770

2	38	34 
1.814770

15	54	13 
1.814770

3	39	33 
1.814770

0	46	49 
1.814770

20	44	86 
1.814770

2	17	7 
1.814770

11	27	41 
1.814770

23	43	132 
1.814770

14	59	22 
1.814770

16	54	22 
1.814770

17	16	71 
1.814770

16	53	26 
1.814770

17	47	67 
1.814770

16	17	68 
1.814770

5	37	36 
1.814770

12	43	72 
1.814770

14	47	14 
1.814770

23	43	133 
1.814770

2	17	7 
1.814770

28	57	122 
1.814770

2	18	8 
1.814770

4	19	20 
1.814770

21	40	7 
1.814770

4	37	41 
1.814770

4	18	33 
1.814770

4	38	38 
1.814770

11	43	64 
1.814770

0	33	40 
1.814770

2	20	112 
1.814770

21	48	88 
1.814770

15	58	11 
1.814770

5	38	41 
1.814770

18	43	80 
1.814770

2	12	8 
1.814770

16	33	58 
1.814770

2	17	8 
1.814770

2	38	34 
1.814770

4	36	1 
1.814770

2	37	34 
1.814770

8	22	47 
1.814770

18	61	16 
1.814770

9	27	46 
1.814770

15	62	27 
1.814770

5	39	39 
1.814770

2	10	11 
1.814770

4	18	33 
1.814770

9	27	46 
1.814770

23	44	126 
1.814770

19	60	23 
1.814770

2	18	8 
1.814770

2	17	7 
1.814770

2	34	50 
1.814770

17	61	20 
1.814770

3	7	16 
1.814770

3	42	42 
1.814770

5	38	41 
1.814770

5	38	41 
1.814770

17	3	138 
1.814770

28	36	193 
1.814770

3	33	6 
1.814770

0	6	38 
1.814770

15	38	41 
1.814770

12	43	72 
1.814770

3	9	15 
1.814770

12	45	70 
1.814770

12	19	18 
1.814770

2	18	9 
1.814770

16	34	61 
1.814770

3	18	18 
1.814770

18	43	80 
1.814770

9	27	46 
1.814770

14	50	6 
1.814770

14	55	3 
1.814770

2	33	51 
1.814770

4	44	41 
1.814770

113	108	746 
1.814770

88	62	568 
1.814770

15	8	8 
1.814770

22	43	121 
1.814770

9	27	45 
1.814770

12	43	73 
1.814770

18	42	79 
1.814770

16	19	68 
1.814770

1	18	0 
0.000000

6	43	46 
1.814770

13	19	30 
1.814770

15	18	56 
1.814770

2	14	3 
1.814770

5	42	46 
1.814770

3	19	11 
1.814770

12	42	70 
1.814770

4	38	33 
1.814770

24	44	132 
1.814770

9	27	104 
1.814770

5	12	48 
1.814770

4	36	54 
1.814770

10	41	68 
1.814770

12	43	72 
1.814770

12	43	72 
1.814770

3	18	78 
1.814770

32	106	8 
1.814770

18	62	11 
1.814770

23	42	138 
1.814770

23	62	164 
1.814770

106	82	685 
1.814770

5	43	41 
1.814770

25	44	137 
1.814770

5	27	41 
1.814770

12	14	17 
1.814770

6	41	16 
1.814770

40	157	16 
1.814770

91	95	605 
1.814770

25	56	181 
1.814770

12	43	72 
1.814770

12	42	70 
1.814770

3	24	87 
1.814770

5	24	2 
1.814770

21	43	116 
1.814770

13	43	77 
1.814770

5	34	62 
1.814770

8	29	95 
1.814770

13	19	30 
1.814770

6	43	46 
1.814770

10	24	47 
1.814770

4	41	38 
1.814770

36	67	82 
1.814770

63	186	25 
1.814770

12	46	77 
1.814770

13	16	24 
1.814770

4	43	41 
1.814770

13	43	77 
1.814770

20	43	116 
1.814770

5	43	46 
1.814770

17	44	6 
1.814770

11	4	27 
1.814770

15	16	28 
1.814770

15	5	83 
1.814770

7	41	11 
1.814770

17	18	62 
1.814770

8	39	70 
1.814770

2	2	52 
1.814770

6	40	46 
1.814770

4	14	85 
1.814770

2	36	26 
1.814770

19	45	6 
1.814770

17	37	70 
1.814770

19	15	9 
1.814770

13	34	95 
1.814770

14	15	55 
1.814770

16	32	20 
1.814770

16	21	99 
1.814770

15	28	89 
1.814770

2	4	13 
1.814770

11	2	61 
1.814770

12	5	71 
1.814770

16	33	82 
1.814770

3	30	82 
1.814770

18	24	44 
1.814770

4	38	70 
1.814770

7	21	20 
1.814770

17	24	4 
1.814770

3	25	59 
1.814770

8	35	37 
1.814770

6	39	46 
1.814770

6	39	6 
1.814770

10	40	57 
1.814770

16	43	18 
1.814770

19	5	9 
1.814770

16	53	5 
1.814770

13	13	54 
1.814770

17	38	70 
1.814770

19	47	0 
0.000000

14	2	88 
1.814770

7	18	5 
1.814770

2	32	96 
1.814770

22	64	25 
1.814770

10	4	86 
1.814770

4	13	10 
1.814770

25	55	25 
1.814770

15	31	76 
1.814770

4	17	33 
1.814770

7	16	15 
1.814770

13	32	88 
1.814770

1	44	6 
1.814770

11	2	60 
1.814770

2	2	54 
1.814770

14	4	80 
1.814770

17	21	66 
1.814770

5	21	3 
1.814770

15	3	10 
1.814770

12	5	73 
1.814770

16	20	74 
1.814770

19	48	47 
1.814770

13	33	90 
1.814770

18	20	64 
1.814770

6	16	12 
1.814770

18	21	69 
1.814770

16	49	13 
1.814770

16	14	68 
1.814770

15	16	10 
1.814770

19	5	9 
1.814770

5	17	14 
1.814770

10	1	76 
1.814770

1	43	7 
1.814770

10	3	21 
1.814770

3	2	53 
1.814770

16	52	5 
1.814770

13	13	54 
1.814770

7	18	22 
1.814770

0	20	20 
1.814770

15	4	90 
1.814770

2	31	62 
1.814770

19	7	148 
1.814770

1	33	101 
1.814770

7	15	11 
1.814770

3	2	51 
1.814770

14	3	13 
1.814770

29	89	58 
1.814770

4	22	86 
1.814770

17	39	68 
1.814770

19	29	49 
1.814770

10	8	91 
1.814770

13	5	68 
1.814770

10	34	108 
1.814770

8	17	15 
1.814770

15	4	90 
1.814770

15	4	90 
1.814770

1	33	103 
1.814770

14	3	11 
1.814770

19	28	49 
1.814770

15	4	90 
1.814770

12	31	82 
1.814770

7	17	18 
1.814770

2	31	62 
1.814770

2	31	62 
1.814770

5	31	84 
1.814770

2	41	103 
1.814770

8	21	65 
1.814770

2	31	58 
1.814770

15	15	14 
1.814770

15	14	65 
1.814770

12	32	85 
1.814770

16	18	19 
1.814770

5	38	54 
1.814770

2	34	92 
1.814770

19	7	148 
1.814770

19	7	148 
1.814770

17	21	60 
1.814770

2	42	11 
1.814770

17	2	14 
1.814770

3	21	9 
1.814770

10	2	80 
1.814770

7	20	17 
1.814770

13	33	90 
1.814770

5	31	84 
1.814770

15	2	88 
1.814770

18	26	52 
1.814770

13	24	39 
1.814770

2	31	58 
1.814770

15	3	87 
1.814770

15	49	22 
1.814770

15	4	92 
1.814770

17	2	7 
1.810008

2	34	90 
1.814770

2	42	13 
1.814770

2	33	102 
1.814770

11	32	86 
1.814770

3	28	207 
1.814770

16	36	256 
1.814770

15	15	16 
1.814770

15	14	63 
1.814770

8	36	17 
1.814770

18	18	50 
1.814770

12	39	80 
1.814770

15	12	92 
1.814770

13	35	201 
1.814770

14	29	152 
1.814770

2	31	62 
1.814770

19	7	148 
1.814770

11	34	135 
1.814770

1	30	86 
1.814770

11	40	122 
1.814770

16	6	25 
1.814770

18	19	55 
1.814770

11	33	131 
1.814770

6	32	17 
1.814770

18	0	4 
1.796966

14	6	93 
1.814770

11	25	103 
1.814770

1	39	100 
1.814770

5	25	85 
1.814770

2	28	187 
1.814770

15	36	236 
1.814770

17	23	43 
1.814770

16	18	25 
1.814770

48	35	93 
1.814770

36	69	184 
1.814770

4	23	84 
1.814770

1	26	89 
1.814770

18	18	50 
1.814770

18	18	50 
1.814770

2	34	90 
1.814770

11	32	86 
1.814770

18	3	1 
1.812605

1	35	107 
1.814770

15	8	91 
1.814770

13	36	202 
1.814770

14	26	52 
1.814770

11	39	81 
1.814770

11	21	120 
1.814770

3	22	51 
1.814770

1	30	86 
1.814770

18	26	52 
1.814770

15	8	91 
1.814770

15	36	236 
1.814770

13	8	92 
1.814770

12	37	81 
1.814770

7	34	72 
1.814770

7	35	75 
1.814770

35	67	184 
1.814770

13	34	202 
1.814770

48	35	93 
1.814770

5	25	85 
1.814770

17	23	43 
1.814770

1	30	86 
1.814770

4	28	19 
1.814770

16	15	52 
1.814770

19	14	0 
0.000000

14	41	287 
1.814770

7	33	15 
1.814770

11	34	88 
1.814770

10	15	97 
1.814770

5	26	102 
1.814770

3	24	50 
1.814770

1	27	91 
1.814770

1	35	93 
1.814770

19	17	48 
1.814770

6	32	16 
1.814770

11	34	131 
1.814770

32	61	180 
1.814770

7	34	135 
1.814770

13	12	92 
1.814770

13	27	90 
1.814770

15	37	238 
1.814770

6	32	14 
1.814770

18	18	58 
1.814770

15	9	88 
1.814770

14	39	269 
1.814770

4	17	70 
1.814770

2	20	54 
1.814770

4	22	98 
1.814770

14	17	37 
1.814770

3	29	71 
1.814770

7	36	66 
1.814770

13	28	92 
1.814770

16	34	268 
1.814770

4	34	6 
1.814770

23	31	64 
1.814770

12	43	8 
1.814770

16	15	52 
1.814770

13	27	90 
1.814770

5	26	102 
1.814770

1	30	86 
1.814770

30	56	175 
1.814770

11	4	97 
1.814770

5	23	43 
1.814770

17	23	43 
1.814770

12	25	87 
1.814770

5	29	19 
1.814770

4	27	40 
1.814770

5	25	101 
1.814770

11	33	11 
1.814770

2	28	91 
1.814770

41	64	70 
1.814770

19	53	48 
1.814770

4	26	43 
1.814770

7	33	11 
1.814770

8	42	66 
1.814770

7	21	10 
1.814770

1	2	4 
1.807825

0	12	36 
1.814770

19	5	85 
1.814770

1	26	101 
1.814770

25	18	102 
1.814770

20	43	51 
1.814770

4	21	102 
1.814770

11	34	7 
1.814770

14	10	89 
1.814770

6	43	100 
1.814770

6	3	79 
1.814770

6	39	31 
1.814770

20	12	39 
1.814770

11	34	111 
1.814770

14	9	79 
1.814770

4	27	58 
1.814770

4	20	59 
1.814770

4	21	54 
1.814770

17	23	43 
1.814770

17	23	43 
1.814770

5	29	37 
1.814770

17	11	91 
1.814770

7	33	37 
1.814770

26	37	82 
1.814770

15	20	141 
1.814770

15	26	176 
1.814770

26	8	37 
1.814770

26	47	52 
1.814770

7	35	8 
1.814770

1	28	82 
1.814770

8	15	16 
1.814770

5	49	127 
1.814770

25	44	57 
1.814770

9	32	0 
0.000000

0	32	86 
1.814770

11	22	48 
1.814770

25	17	101 
1.814770

19	5	86 
1.814770

4	21	62 
1.814770

1	3	2 
1.812605

17	23	43 
1.814770

17	23	63 
1.814770

9	22	24 
1.814770

14	17	5 
1.814770

6	3	79 
1.814770

14	10	89 
1.814770

5	6	75 
1.814770

4	16	63 
1.814770

19	54	48 
1.814770

20	43	51 
1.814770

4	23	48 
1.814770

0	10	84 
1.814770

5	18	5 
1.814770

4	7	74 
1.814770

7	16	29 
1.814770

6	33	92 
1.814770

7	26	27 
1.814770

1	27	41 
1.814770

8	29	20 
1.814770

4	18	25 
1.814770

4	33	10 
1.814770

13	10	80 
1.814770

4	20	60 
1.814770

8	33	19 
1.814770

18	8	97 
1.814770

16	40	59 
1.814770

18	42	70 
1.814770

5	28	64 
1.814770

12	34	50 
1.814770

1	19	30 
1.814770

10	22	11 
1.814770

3	17	8 
1.814770

7	17	74 
1.814770

2	5	92 
1.814770

13	10	70 
1.814770

13	38	78 
1.814770

5	38	95 
1.814770

11	25	11 
1.814770

5	7	3 
1.814770

10	33	10 
1.814770

5	23	30 
1.814770

7	23	83 
1.814770

3	35	6 
1.814770

17	37	3 
1.814770

9	32	10 
1.814770

8	29	19 
1.814770

9	5	17 
1.814770

0	16	32 
1.814770

15	35	5 
1.814770

9	30	17 
1.814770

8	29	19 
1.814770

6	25	27 
1.814770

6	29	49 
1.814770

5	34	72 
1.814770

25	13	175 
1.814770

2	34	67 
1.814770

8	29	21 
1.814770

12	37	76 
1.814770

0	4	3 
1.814770

23	60	84 
1.814770

4	21	26 
1.814770

13	39	82 
1.814770

3	20	58 
1.814770

18	7	98 
1.814770

6	23	82 
1.814770

5	23	30 
1.814770

0	7	2 
1.814770

17	48	105 
1.814770

3	25	57 
1.814770

4	24	66 
1.814770

11	29	17 
1.814770

5	10	4 
1.814770

3	16	6 
1.814770

0	19	31 
1.814770

8	30	75 
1.814770

17	47	100 
1.814770

20	6	108 
1.814770

1	17	3 
1.814770

6	29	49 
1.814770

2	34	67 
1.814770

5	20	105 
1.814770

12	32	5 
1.814770

5	25	61 
1.814770

21	55	80 
1.814770

5	21	43 
1.814770

2	36	80 
1.814770

13	37	82 
1.814770

18	9	97 
1.814770

11	34	68 
1.814770

0	10	5 
1.814770

11	38	10 
1.814770

16	46	77 
1.814770

16	12	91 
1.814770

2	25	33 
1.814770

17	11	82 
1.814770

12	17	33 
1.814770

9	32	10 
1.814770

7	16	28 
1.814770

5	10	6 
1.814770

0	15	31 
1.814770

11	29	16 
1.814770

7	29	20 
1.814770

11	12	29 
1.814770

12	36	64 
1.814770

17	10	82 
1.814770

13	15	46 
1.814770

10	33	67 
1.814770

6	26	62 
1.814770

8	29	73 
1.814770

6	25	62 
1.814770

12	32	4 
1.814770

6	29	47 
1.814770

16	12	90 
1.814770

10	32	12 
1.814770

17	47	100 
1.814770

11	35	69 
1.814770

16	11	95 
1.814770

9	33	7 
1.814770

11	15	23 
1.814770

12	28	0 
0.000000

9	27	78 
1.814770

19	8	105 
1.814770

21	10	112 
1.814770

15	64	97 
1.814770

9	32	14 
1.814770

5	21	101 
1.814770

5	10	6 
1.814770

0	10	5 
1.814770

0	15	32 
1.814770

12	32	6 
1.814770

2	25	20 
1.814770

6	17	33 
1.814770

20	53	78 
1.814770

1	12	7 
1.814770

9	27	77 
1.814770

15	13	92 
1.814770

16	42	92 
1.814770

14	20	54 
1.814770

2	11	12 
1.814770

20	9	107 
1.814770

16	11	96 
1.814770

13	15	45 
1.814770

8	29	68 
1.814770

9	32	17 
1.814770

7	27	64 
1.814770

8	29	72 
1.814770

5	32	104 
1.814770

0	10	2 
1.814770

16	10	80 
1.814770

16	12	89 
1.814770

8	31	65 
1.814770

18	49	75 
1.814770

11	35	69 
1.814770

17	47	100 
1.814770

11	34	68 
1.814770

5	24	61 
1.814770

9	30	85 
1.814770

1	24	7 
1.814770

8	29	74 
1.814770

9	33	6 
1.814770

0	9	5 
1.814770

12	32	4 
1.814770

6	30	46 
1.814770

6	26	63 
1.814770

10	28	85 
1.814770

9	13	82 
1.814770

13	28	18 
1.814770

14	18	69 
1.814770

9	44	85 
1.814770

8	29	74 
1.814770

9	30	85 
1.814770

8	31	65 
1.814770

14	51	76 
1.814770

6	25	63 
1.814770

13	30	45 
1.814770

5	24	62 
1.814770

2	23	12 
1.814770

7	17	77 
1.814770

16	42	89 
1.814770

10	32	19 
1.814770

18	31	85 
1.814770

6	8	97 
1.814770

8	30	63 
1.814770

9	31	22 
1.814770

2	24	25 
1.814770

4	24	71 
1.814770

9	27	77 
1.814770

9	27	77 
1.814770

12	39	30 
1.814770

15	43	51 
1.814770

15	14	87 
1.814770

21	11	108 
1.814770

2	11	12 
1.814770

2	11	12 
1.814770

13	47	78 
1.814770

6	12	95 
1.814770

4	8	3 
1.814770

16	51	31 
1.814770

12	30	44 
1.814770

10	32	21 
1.814770

4	25	64 
1.814770

9	31	26 
1.814770

13	38	20 
1.814770

8	44	96 
1.814770

5	24	62 
1.814770

5	24	62 
1.814770

6	25	62 
1.814770

9	31	24 
1.814770

14	51	76 
1.814770

14	51	76 
1.814770

9	27	77 
1.814770

9	31	86 
1.814770

17	44	93 
1.814770

3	21	58 
1.814770

13	49	75 
1.814770

6	27	64 
1.814770

0	22	2 
1.814770

10	32	100 
1.814770

20	8	105 
1.814770

13	28	49 
1.814770

13	28	18 
1.814770

2	23	12 
1.814770

14	16	84 
1.814770

9	28	68 
1.814770

5	21	20 
1.814770

1	1	9 
1.814770

1	23	11 
1.814770

4	28	18 
1.814770

4	26	63 
1.814770

6	11	97 
1.814770

13	42	67 
1.814770

13	34	57 
1.814770

9	40	71 
1.814770

9	36	50 
1.814770

5	26	65 
1.814770

8	43	93 
1.814770

10	47	110 
1.814770

8	29	4 
1.814770

0	22	6 
1.814770

7	28	68 
1.814770

11	39	31 
1.814770

22	20	122 
1.814770

3	22	59 
1.814770

6	27	64 
1.814770

15	48	28 
1.814770

2	25	0 
0.000000

12	37	20 
1.814770

10	33	21 
1.814770

8	33	8 
1.814770

3	29	57 
1.814770

15	12	97 
1.814770

12	42	7 
1.814770

9	27	99 
1.814770

7	17	97 
1.814770

11	40	29 
1.814770

6	10	99 
1.814770

1	25	1 
1.814770

7	9	110 
1.814770

11	43	64 
1.814770

2	26	7 
1.814770

9	30	91 
1.814770

9	36	60 
1.814770

11	32	19 
1.814770

0	5	59 
1.814770

2	23	15 
1.814770

6	12	93 
1.814770

11	47	92 
1.814770

11	33	96 
1.814770

13	3	97 
1.814770

14	23	56 
1.814770

14	50	92 
1.814770

7	30	5 
1.814770

3	27	19 
1.814770

13	43	6 
1.814770

5	22	84 
1.814770

0	22	31 
1.814770

1	0	5 
1.803063

10	49	9 
1.814770

6	26	68 
1.814770

9	41	72 
1.814770

6	26	68 
1.814770

9	41	72 
1.814770

13	37	20 
1.814770

10	32	21 
1.814770

5	82	51 
1.814770

19	46	117 
1.814770

16	63	97 
1.814770

0	6	78 
1.814770

2	26	5 
1.814770

14	23	50 
1.814770

7	30	5 
1.814770

7	30	5 
1.814770

1	25	2 
1.814770

2	22	17 
1.814770

11	33	101 
1.814770

5	20	15 
1.814770

1	25	2 
1.814770

2	26	23 
1.814770

8	10	118 
1.814770

0	5	50 
1.814770

11	46	89 
1.814770

6	22	23 
1.814770

6	26	83 
1.814770

6	26	68 
1.814770

18	43	24 
1.814770

14	20	61 
1.814770

9	33	75 
1.814770

7	20	89 
1.814770

6	13	82 
1.814770

5	20	31 
1.814770

9	43	76 
1.814770

15	25	15 
1.814770

12	48	97 
1.814770

2	25	2 
1.814770

13	38	46 
1.814770

17	30	38 
1.814770

16	22	37 
1.814770

1	18	24 
1.814770

8	1	61 
1.814770

2	49	13 
1.814770

16	26	86 
1.814770

15	10	62 
1.814770

2	28	60 
1.814770

1	28	63 
1.814770

12	3	41 
1.814770

10	49	44 
1.814770

19	6	97 
1.814770

4	32	74 
1.814770

13	8	52 
1.814770

17	1	1 
1.807843

9	25	75 
1.814770

10	27	65 
1.814770

13	8	61 
1.814770

15	18	99 
1.814770

14	23	20 
1.814770

19	1	24 
1.814770

11	35	46 
1.814770

15	28	63 
1.814770

6	47	63 
1.814770

14	19	60 
1.814770

17	41	70 
1.814770

13	35	51 
1.814770

14	33	96 
1.814770

5	34	61 
1.814770

9	9	51 
1.814770

13	36	46 
1.814770

10	50	42 
1.814770

10	25	66 
1.814770

21	12	26 
1.814770

11	36	17 
1.814770

11	36	42 
1.814770

9	25	68 
1.814770

12	7	52 
1.814770

17	30	37 
1.814770

12	41	68 
1.814770

14	16	2 
1.814770

10	26	64 
1.814770

12	8	52 
1.814770

16	1	1 
1.807843

13	37	45 
1.814770

5	33	61 
1.814770

14	18	74 
1.814770

16	40	70 
1.814770

15	25	75 
1.814770

12	30	33 
1.814770

10	27	64 
1.814770

4	22	57 
1.814770

10	13	54 
1.814770

15	10	89 
1.814770

15	21	37 
1.814770

10	29	18 
1.814770

5	42	14 
1.814770

9	24	69 
1.814770

13	40	41 
1.814770

9	24	68 
1.814770

9	25	47 
1.814770

16	27	45 
1.814770

12	13	81 
1.814770

10	13	54 
1.814770

7	30	33 
1.814770

16	21	37 
1.814770

8	9	51 
1.814770

10	25	69 
1.814770

13	25	73 
1.814770

8	8	54 
1.814770

11	31	15 
1.814770

12	10	51 
1.814770

12	35	46 
1.814770

18	41	79 
1.814770

9	35	33 
1.814770

11	29	36 
1.814770

10	25	65 
1.814770

2	36	59 
1.814770

12	24	66 
1.814770

11	31	30 
1.814770

11	35	20 
1.814770

2	9	12 
1.814770

21	10	127 
1.814770

16	1	1 
1.807843

14	18	74 
1.814770

13	38	50 
1.814770

10	35	12 
1.814770

12	7	52 
1.814770

9	28	69 
1.814770

21	32	125 
1.814770

17	27	48 
1.814770

17	28	45 
1.814770

8	9	51 
1.814770

13	21	65 
1.814770

10	46	41 
1.814770

12	24	62 
1.814770

15	17	40 
1.814770

13	11	51 
1.814770

16	23	46 
1.814770

9	9	51 
1.814770

9	24	68 
1.814770

6	39	42 
1.814770

16	4	56 
1.814770

11	29	40 
1.814770

10	26	61 
1.814770

15	18	73 
1.814770

11	13	81 
1.814770

6	30	31 
1.814770

13	36	48 
1.814770

8	8	54 
1.814770

16	27	45 
1.814770

11	31	32 
1.814770

11	31	13 
1.814770

3	27	70 
1.814770

13	36	54 
1.814770

2	9	12 
1.814770

9	25	47 
1.814770

11	31	18 
1.814770

10	25	66 
1.814770

8	8	54 
1.814770

8	9	52 
1.814770

16	40	4 
1.814770

2	1	3 
1.811298

9	25	67 
1.814770

16	9	49 
1.814770

14	39	75 
1.814770

9	28	3 
1.814770

15	18	69 
1.814770

15	17	45 
1.814770

14	42	39 
1.814770

11	7	90 
1.814770

8	9	55 
1.814770

9	23	67 
1.814770

10	29	39 
1.814770

18	28	45 
1.814770

11	33	41 
1.814770

14	20	40 
1.814770

7	9	51 
1.814770

14	11	50 
1.814770

3	29	16 
1.814770

23	32	139 
1.814770

7	32	45 
1.814770

8	15	51 
1.814770

16	25	51 
1.814770

15	19	70 
1.814770

13	21	51 
1.814770

11	31	13 
1.814770

17	27	38 
1.814770

17	27	48 
1.814770

9	15	48 
1.814770

11	25	41 
1.814770

18	28	45 
1.814770

18	28	54 
1.814770

18	28	15 
1.814770

2	0	2 
1.805679

12	33	39 
1.814770

5	32	46 
1.814770

15	18	69 
1.814770

15	19	65 
1.814770

16	25	51 
1.814770

8	8	54 
1.814770

19	28	43 
1.814770

8	22	70 
1.814770

9	32	36 
1.814770

14	18	54 
1.814770

1	0	3 
1.812605

9	26	3 
1.814770

31	43	186 
1.814770

10	12	49 
1.814770

13	36	53 
1.814770

11	31	18 
1.814770

18	28	46 
1.814770

16	25	3 
1.814770

22	34	139 
1.814770

14	14	30 
1.814770

15	21	58 
1.814770

16	24	48 
1.814770

9	28	4 
1.814770

7	20	52 
1.814770

9	28	39 
1.814770

9	19	45 
1.814770

17	25	37 
1.814770

8	9	43 
1.814770

16	25	41 
1.814770

0	2	2 
1.812605

9	28	1 
1.814770

16	26	49 
1.814770

17	26	56 
1.814770

15	21	62 
1.814770

21	34	3 
1.814770

12	12	83 
1.814770

7	12	39 
1.814770

0	2	5 
1.803063

18	28	48 
1.814770

17	28	13 
1.814770

16	24	48 
1.814770

17	27	31 
1.814770

15	23	21 
1.814770

25	39	206 
1.814770

14	19	59 
1.814770

9	26	74 
1.814770

18	24	45 
1.814770

13	36	53 
1.814770

14	18	54 
1.814770

16	26	51 
1.814770

17	27	47 
1.814770

17	26	31 
1.814770

9	13	51 
1.814770

11	27	42 
1.814770

11	34	73 
1.814770

2	3	6 
1.814770

22	35	184 
1.814770

9	16	62 
1.814770

17	28	15 
1.814770

17	27	29 
1.814770

6	11	39 
1.814770

16	26	41 
1.814770

0	1	17 
1.814770

8	14	11 
1.814770

17	26	49 
1.814770

15	20	53 
1.814770

18	24	46 
1.814770

18	24	48 
1.814770

9	26	65 
1.814770

9	27	47 
1.814770

8	25	76 
1.814770

18	27	44 
1.814770

18	28	13 
1.814770

9	19	45 
1.814770

15	23	21 
1.814770

7	12	39 
1.814770

6	6	34 
1.814770

14	22	29 
1.814770

17	19	59 
1.814770

7	27	77 
1.814770

16	24	42 
1.814770

14	16	45 
1.814770

25	40	57 
1.814770

17	17	1 
1.814770

22	34	41 
1.814770

5	5	29 
1.814770

18	24	21 
1.814770

17	27	29 
1.814770

9	26	78 
1.814770

22	35	182 
1.814770

11	34	74 
1.814770

18	27	28 
1.814770

6	11	45 
1.814770

0	1	10 
1.810705

12	33	65 
1.814770

17	29	23 
1.814770

22	36	194 
1.814770

17	27	18 
1.814770

2	3	4 
1.814770

8	25	74 
1.814770

15	23	21 
1.814770

11	23	21 
1.814770

1	27	45 
1.814770

14	21	28 
1.814770

17	23	47 
1.814770

16	21	51 
1.814770

0	3	14 
1.814770

16	26	26 
1.814770

9	27	46 
1.814770

0	2	15 
1.814770

8	15	15 
1.814770

9	25	60 
1.814770

16	25	22 
1.814770

7	29	54 
1.814770

13	34	67 
1.814770

0	1	17 
1.814770

13	32	28 
1.814770

17	26	26 
1.814770

3	5	6 
1.814770

19	26	23 
1.814770

16	27	46 
1.814770

7	8	87 
1.814770

6	42	45 
1.814770

11	23	21 
1.814770

17	7	29 
1.814770

8	15	15 
1.814770

17	2	14 
1.814770

18	24	86 
1.814770

12	33	65 
1.814770

11	34	72 
1.814770

23	13	70 
1.814770

6	4	37 
1.814770

2	3	4 
1.814770

2	3	4 
1.814770

16	30	52 
1.814770

0	2	40 
1.814770

0	0	1 
1.807843

3	3	19 
1.814770

6	37	72 
1.814770

3	6	16 
1.814770

9	25	60 
1.814770

18	27	28 
1.814770

15	14	28 
1.814770

17	26	29 
1.814770

12	16	75 
1.814770

7	6	67 
1.814770

15	23	38 
1.814770

17	6	96 
1.814770

19	49	81 
1.814770

16	2	99 
1.814770

3	20	50 
1.814770

1	26	14 
1.814770

12	21	62 
1.814770

5	36	44 
1.814770

18	2	16 
1.814770

5	6	37 
1.814770

4	28	57 
1.814770

7	13	42 
1.814770

10	11	4 
1.814770

2	27	25 
1.814770

8	33	22 
1.814770

11	29	17 
1.814770

8	16	54 
1.814770

16	45	58 
1.814770

16	14	8 
1.814770

5	39	87 
1.814770

3	27	57 
1.814770

5	20	4 
1.814770

19	7	75 
1.814770

5	36	48 
1.814770

18	37	45 
1.814770

6	9	29 
1.814770

10	18	29 
1.814770

15	14	79 
1.814770

5	13	56 
1.814770

11	10	10 
1.814770

11	27	23 
1.814770

11	17	68 
1.814770

17	5	96 
1.814770

14	14	78 
1.814770

20	0	11 
1.814770

0	22	54 
1.814770

20	4	81 
1.814770

0	28	57 
1.814770

6	14	43 
1.814770

4	26	55 
1.814770

18	48	79 
1.814770

5	36	49 
1.814770

8	18	63 
1.814770

5	6	19 
1.814770

19	7	75 
1.814770

8	16	54 
1.814770

14	13	74 
1.814770

7	13	46 
1.814770

7	38	26 
1.814770

10	5	0 
0.000000

5	36	48 
1.814770

15	44	57 
1.814770

20	20	166 
1.814770

6	51	50 
1.814770

3	26	57 
1.814770

18	21	61 
1.814770

13	40	8 
1.814770

4	5	92 
1.814770

9	15	71 
1.814770

20	23	58 
1.814770

0	22	54 
1.814770

11	27	23 
1.814770

3	26	57 
1.814770

14	13	28 
1.814770

6	7	100 
1.814770

18	18	157 
1.814770

7	9	54 
1.814770

5	2	84 
1.814770

11	27	23 
1.814770

11	10	10 
1.814770

11	9	12 
1.814770

5	28	25 
1.814770

14	14	33 
1.814770

1	21	61 
1.814770

1	23	53 
1.814770

7	37	27 
1.814770

5	41	49 
1.814770

8	8	45 
1.814770

16	18	75 
1.814770

2	9	27 
1.814770

6	14	56 
1.814770

7	15	54 
1.814770

6	14	42 
1.814770

13	16	54 
1.814770

9	7	30 
1.814770

19	24	81 
1.814770

10	5	90 
1.814770

7	12	47 
1.814770

6	13	55 
1.814770

18	18	156 
1.814770

13	7	94 
1.814770

11	29	19 
1.814770

7	31	35 
1.814770

19	3	75 
1.814770

13	14	26 
1.814770

11	9	11 
1.814770

11	9	25 
1.814770

7	8	58 
1.814770

5	31	132 
1.814770

23	39	279 
1.814770

6	14	41 
1.814770

6	14	42 
1.814770

9	7	24 
1.814770

9	15	65 
1.814770

4	27	56 
1.814770

0	19	63 
1.814770

1	23	62 
1.814770

6	6	99 
1.814770

14	14	32 
1.814770

18	18	158 
1.814770

0	23	52 
1.814770

18	19	159 
1.814770

5	2	84 
1.814770

7	15	54 
1.814770

1	26	54 
1.814770

22	24	85 
1.814770

19	23	81 
1.814770

6	1	84 
1.814770

5	37	70 
1.814770

8	9	129 
1.814770

0	19	63 
1.814770

7	31	34 
1.814770

5	14	52 
1.814770

18	19	161 
1.814770

5	34	63 
1.814770

15	10	25 
1.814770

6	10	54 
1.814770

4	30	56 
1.814770

0	19	63 
1.814770

14	14	31 
1.814770

0	23	52 
1.814770

19	3	75 
1.814770

7	15	54 
1.814770

21	24	84 
1.814770

0	25	51 
1.814770

8	7	59 
1.814770

7	1	54 
1.814770

6	13	55 
1.814770

16	16	149 
1.814770

8	8	107 
1.814770

8	9	15 
1.814770

12	21	43 
1.814770

9	2	84 
1.814770

21	33	253 
1.814770

0	23	62 
1.814770

9	15	65 
1.814770

23	38	276 
1.814770

7	30	38 
1.814770

6	29	81 
1.814770

15	8	137 
1.814770

11	39	148 
1.814770

0	62	15 
1.814770

4	19	64 
1.814770

15	7	73 
1.814770

11	35	46 
1.814770

9	4	81 
1.814770

14	14	31 
1.814770

3	39	56 
1.814770

17	33	87 
1.814770

6	33	70 
1.814770

2	17	65 
1.814770

19	23	82 
1.814770

3	8	29 
1.814770

6	31	109 
1.814770

1	22	61 
1.814770

5	14	55 
1.814770

3	15	87 
1.814770

19	28	241 
1.814770

9	3	81 
1.814770

13	13	35 
1.814770

4	35	61 
1.814770

23	23	86 
1.814770

24	43	291 
1.814770

6	10	46 
1.814770

8	7	57 
1.814770

16	17	151 
1.814770

5	39	65 
1.814770

5	38	49 
1.814770

25	41	98 
1.814770

5	8	54 
1.814770

23	23	86 
1.814770

8	7	57 
1.814770

4	35	61 
1.814770

5	14	55 
1.814770

6	33	70 
1.814770

6	33	70 
1.814770

6	33	71 
1.814770

24	42	9 
1.814770

2	11	37 
1.814770

5	26	53 
1.814770

5	17	56 
1.814770

4	32	60 
1.814770

6	10	46 
1.814770

8	7	57 
1.814770

4	34	61 
1.814770

2	18	65 
1.814770

17	18	155 
1.814770

4	9	25 
1.814770

19	28	242 
1.814770

4	19	63 
1.814770

17	17	153 
1.814770

9	4	79 
1.814770

7	20	2 
1.814770

14	51	175 
1.814770

21	20	92 
1.814770

9	38	36 
1.814770

11	48	46 
1.814770

6	10	46 
1.814770

1	37	75 
1.814770

7	6	42 
1.814770

4	21	63 
1.814770

4	33	61 
1.814770

9	4	79 
1.814770

5	26	53 
1.814770

1	39	57 
1.814770

20	31	184 
1.814770

6	10	46 
1.814770

5	17	56 
1.814770

7	32	145 
1.814770

6	0	95 
1.814770

9	4	79 
1.814770

9	4	79 
1.814770

5	17	57 
1.814770

21	20	91 
1.814770

27	22	93 
1.814770

1	26	45 
1.814770

12	24	20 
1.814770

14	0	102 
1.814770

10	1	77 
1.814770

3	20	53 
1.814770

2	10	37 
1.814770

12	40	46 
1.814770

8	7	57 
1.814770

2	11	37 
1.814770

9	38	35 
1.814770

5	13	56 
1.814770

12	0	121 
1.814770

8	16	93 
1.814770

14	2	143 
1.814770

6	7	57 
1.814770

6	32	65 
1.814770

24	24	90 
1.814770

4	33	61 
1.814770

21	20	91 
1.814770

2	11	36 
1.814770

9	4	80 
1.814770

11	16	80 
1.814770

3	12	33 
1.814770

9	38	35 
1.814770

5	13	55 
1.814770

2	10	38 
1.814770

12	24	21 
1.814770

26	59	78 
1.814770

19	48	204 
1.814770

0	14	41 
1.814770

3	21	48 
1.814770

6	16	58 
1.814770

9	6	77 
1.814770

12	24	20 
1.814770

12	24	18 
1.814770

9	1	83 
1.814770

12	43	43 
1.814770

21	35	79 
1.814770

11	4	113 
1.814770

4	33	99 
1.814770

9	4	79 
1.814770

9	39	35 
1.814770

8	42	57 
1.814770

5	13	55 
1.814770

6	16	58 
1.814770

11	4	111 
1.814770

11	7	59 
1.814770

6	12	60 
1.814770

8	6	75 
1.814770

8	21	78 
1.814770

22	22	93 
1.814770

2	17	28 
1.814770

9	22	8 
1.814770

20	50	210 
1.814770

13	26	26 
1.814770

9	10	73 
1.814770

12	39	47 
1.814770

9	0	84 
1.814770

0	15	40 
1.814770

6	32	64 
1.814770

11	26	114 
1.814770

11	8	14 
1.814770

7	28	71 
1.814770

26	58	76 
1.814770

13	44	44 
1.814770

21	20	93 
1.814770

12	24	22 
1.814770

3	12	33 
1.814770

9	39	35 
1.814770

3	12	33 
1.814770

3	12	33 
1.814770

5	16	57 
1.814770

2	12	35 
1.814770

