   0 	 16.788771 	 28.782574 	 46.599526
   1 	 31.377620 	 38.346299 	 50.730113
   2 	 40.042927 	 49.563875 	 127.389790
   3 	 43.201799 	 54.250306 	 127.389790
   4 	 45.001662 	 64.797256 	 133.001300
   5 	 46.797631 	 76.706893 	 180.879224
   6 	 74.305409 	 99.945050 	 180.879224
   7 	 79.882970 	 119.713379 	 199.191074
   8 	 111.955696 	 146.806929 	 199.191074
   9 	 139.654858 	 169.195094 	 243.968474
   0 	 15.592596 	 29.450898 	 41.433623
   1 	 30.532045 	 35.165294 	 61.905208
   2 	 35.078016 	 41.224549 	 79.160163
