20.562733	1.230986	27.000000	7.000000
2.451340

23.479412	46.099023	42.000000	7.000000
2.453372

38.322303	32.897746	9.000000	3.000000
2.451340

14.265032	26.586751	25.000000	4.000000
2.451340

45.470880	36.843179	15.000000	12.000000
2.453372

48.134277	34.278516	19.000000	6.000000
2.453372

40.290136	37.420438	38.000000	14.000000
2.451340

36.884737	19.903554	43.000000	2.000000
2.320093

21.872840	35.737627	61.000000	7.000000
2.453372

28.493521	6.878000	45.000000	5.000000
2.453372

36.429172	2.082461	54.000000	14.000000
2.440913

48.527120	49.639388	3.000000	3.000000
2.453372

43.284005	32.267879	16.000000	13.000000
2.440913

49.444759	19.326533	69.000000	4.000000
2.453372

30.054775	27.160783	85.000000	17.000000
2.449043

34.969678	45.266969	86.000000	10.000000
2.451340

26.093934	4.574322	45.000000	6.000000
2.451340

28.317574	9.519646	29.000000	6.000000
2.451340

12.779093	22.546701	30.000000	2.000000
2.453372

30.042138	8.763459	22.000000	1.000000
2.453372

25.312647	41.878673	13.000000	4.000000
2.453372

18.671361	17.162389	68.000000	8.000000
2.451340

18.341189	25.638673	21.000000	4.000000
2.440913

36.874526	11.319361	86.000000	3.000000
2.451340

46.639768	45.750502	47.000000	4.000000
2.320093

16.035991	9.929219	71.000000	8.000000
2.451340

23.855453	43.971099	3.000000	15.000000
2.451208

19.789777	23.798777	31.000000	11.000000
2.451340

21.602903	42.654872	62.000000	13.000000
2.453372

31.912602	9.328587	61.000000	8.000000
2.441638

28.407199	9.718970	28.355111	6.000000
2.451340

26.004309	4.374998	45.644889	6.000000
2.440913

20.685873	1.328834	66.000000	5.000000
2.441638

29.918998	8.665611	22.064951	1.077942
2.453372

45.277500	46.329871	1.000000	2.000000
2.453372

12.972473	22.631268	29.911271	2.059152
2.453372

18.306305	47.019046	88.000000	9.000000
2.451340

28.352458	9.463284	29.027973	6.006993
2.440913

18.879016	14.555154	43.000000	15.000000
2.453372

49.237103	19.311929	68.993252	4.026992
2.453372

13.381269	23.003077	29.545185	2.016845
2.453372

47.924944	49.183012	3.454815	2.983155
2.453372

30.956247	9.364767	61.602368	8.000000
2.440480

16.992347	9.893039	70.397632	8.000000
2.451340

